t 	 u(t) 	 x(t) 	 y(t) 	 x1(t) 	 y1(t)
0.0000,0.0000,0.0746,-0.0504,0.0000,0.0000
0.0200,1.0000,-0.0251,0.0233,0.0001,0.0133
0.0400,1.0000,0.1721,-0.0763,0.0005,0.0265
0.0600,1.0000,0.0949,0.1308,0.0012,0.0396
0.0801,1.0000,-0.0143,-0.0024,0.0021,0.0525
0.1001,1.0000,0.0276,-0.1350,0.0033,0.0653
0.1201,1.0000,-0.2283,0.2342,0.0047,0.0780
0.1401,1.0000,0.0249,0.1264,0.0064,0.0904
0.1601,1.0000,0.2702,0.0742,0.0083,0.1028
0.1801,1.0000,-0.1635,0.2503,0.0105,0.1149
0.2001,1.0000,0.0030,-0.0001,0.0129,0.1268
0.2201,1.0000,-0.1543,-0.0165,0.0156,0.1385
0.2402,1.0000,0.0547,0.0154,0.0185,0.1500
0.2602,1.0000,0.0253,0.1467,0.0216,0.1612
0.2802,1.0000,-0.1160,0.2892,0.0249,0.1722
0.3002,1.0000,-0.2264,0.0543,0.0285,0.1829
0.3202,1.0000,0.0839,0.1526,0.0323,0.1934
0.3402,1.0000,0.0017,0.2067,0.0362,0.2036
0.3602,1.0000,-0.0817,0.1694,0.0404,0.2135
0.3803,1.0000,-0.1621,0.2525,0.0448,0.2231
0.4003,1.0000,-0.1182,0.1577,0.0493,0.2324
0.4203,1.0000,0.0899,0.3599,0.0541,0.2414
0.4403,1.0000,0.1126,0.3232,0.0590,0.2501
0.4603,1.0000,0.0553,0.1279,0.0641,0.2585
0.4803,1.0000,-0.0307,0.3653,0.0693,0.2665
0.5003,1.0000,-0.0040,0.3215,0.0747,0.2742
0.5203,1.0000,0.1420,0.1642,0.0803,0.2815
0.5404,1.0000,0.0372,0.1897,0.0860,0.2885
0.5604,1.0000,0.1290,0.3643,0.0919,0.2952
0.5804,1.0000,0.2827,0.4032,0.0978,0.3015
0.6004,1.0000,0.1968,0.2802,0.1039,0.3074
0.6204,1.0000,-0.0330,0.2789,0.1101,0.3130
0.6404,1.0000,0.0549,0.3090,0.1164,0.3182
0.6604,1.0000,0.1494,0.1470,0.1229,0.3230
0.6805,1.0000,0.0972,0.5119,0.1294,0.3274
0.7005,1.0000,0.3084,0.3708,0.1360,0.3315
0.7205,1.0000,0.1288,0.3891,0.1426,0.3352
0.7405,1.0000,0.2850,0.4835,0.1494,0.3385
0.7605,1.0000,0.3336,0.3963,0.1562,0.3414
0.7805,1.0000,0.1006,0.5221,0.1630,0.3439
0.8005,1.0000,0.1785,0.2775,0.1699,0.3461
0.8205,1.0000,0.3047,0.4401,0.1769,0.3479
0.8406,1.0000,0.1255,0.3369,0.1839,0.3492
0.8606,1.0000,0.1587,0.2029,0.1909,0.3503
0.8806,1.0000,0.1610,0.3263,0.1979,0.3509
0.9006,1.0000,0.2866,0.3298,0.2049,0.3511
0.9206,1.0000,0.1725,0.4551,0.2119,0.3510
0.9406,1.0000,0.1766,0.4418,0.2190,0.3505
0.9606,1.0000,0.4565,0.4522,0.2259,0.3466
0.9807,1.0000,0.2997,0.3556,0.2327,0.3308
1.0007,-1.0000,0.1758,0.3475,0.2391,0.3065
1.0207,-1.0000,0.3964,0.2669,0.2449,0.2773
1.0407,-1.0000,0.2249,0.4014,0.2502,0.2462
1.0607,-1.0000,0.2232,0.1688,0.2549,0.2150
1.0807,-1.0000,0.2918,0.1181,0.2590,0.1851
1.1007,-1.0000,0.3268,0.1253,0.2624,0.1567
1.1207,-1.0000,0.1212,0.0748,0.2652,0.1292
1.1408,-1.0000,0.1846,0.1905,0.2674,0.1014
1.1608,-1.0000,0.2585,0.0660,0.2692,0.0732
1.1808,-1.0000,0.2734,0.0195,0.2704,0.0451
1.2008,-1.0000,0.3504,-0.0294,0.2710,0.0171
1.2208,-1.0000,0.2193,-0.0696,0.2710,-0.0108
1.2408,-1.0000,0.1505,-0.1793,0.2706,-0.0384
1.2608,-1.0000,0.2544,-0.1358,0.2695,-0.0658
1.2809,-1.0000,0.1577,-0.0880,0.2679,-0.0930
1.3009,-1.0000,0.2258,-0.1766,0.2658,-0.1198
1.3209,-1.0000,0.3709,-0.1871,0.2631,-0.1464
1.3409,-1.0000,0.1947,-0.0784,0.2599,-0.1726
1.3609,-1.0000,0.3294,-0.0103,0.2562,-0.1985
1.3809,-1.0000,0.2182,-0.2964,0.2520,-0.2240
1.4009,-1.0000,0.1817,-0.3294,0.2473,-0.2491
1.4209,-1.0000,0.0885,-0.3813,0.2420,-0.2738
1.4410,-1.0000,0.3810,-0.1730,0.2363,-0.2980
1.4610,-1.0000,0.2586,-0.3766,0.2301,-0.3217
1.4810,-1.0000,0.1747,-0.4885,0.2234,-0.3450
1.5010,-1.0000,0.1930,-0.3991,0.2163,-0.3677
1.5210,-1.0000,0.3044,-0.3530,0.2087,-0.3898
1.5410,-1.0000,0.1396,-0.3272,0.2007,-0.4114
1.5610,-1.0000,0.0906,-0.4644,0.1923,-0.4324
1.5811,-1.0000,0.1481,-0.5181,0.1834,-0.4528
1.6011,-1.0000,0.0948,-0.4792,0.1741,-0.4726
1.6211,-1.0000,0.1846,-0.4772,0.1645,-0.4918
1.6411,-1.0000,0.2661,-0.4625,0.1545,-0.5103
1.6611,-1.0000,-0.0062,-0.5786,0.1441,-0.5281
1.6811,-1.0000,0.0592,-0.5582,0.1333,-0.5453
1.7011,-1.0000,0.2166,-0.8094,0.1222,-0.5618
1.7211,-1.0000,0.0714,-0.7005,0.1108,-0.5775
1.7412,-1.0000,0.0985,-0.5066,0.0991,-0.5925
1.7612,-1.0000,0.3205,-0.5197,0.0871,-0.6069
1.7812,-1.0000,0.1236,-0.7056,0.0748,-0.6204
1.8012,-1.0000,-0.0015,-0.6067,0.0623,-0.6332
1.8212,-1.0000,0.2510,-0.8046,0.0495,-0.6453
1.8412,-1.0000,0.0282,-0.7464,0.0365,-0.6566
1.8612,-1.0000,-0.0083,-0.5604,0.0232,-0.6671
1.8813,-1.0000,-0.1099,-0.6734,0.0098,-0.6769
1.9013,-1.0000,-0.0864,-0.5309,-0.0039,-0.6858
1.9213,-1.0000,0.0742,-0.6905,-0.0177,-0.6944
1.9413,-1.0000,-0.1756,-0.6322,-0.0317,-0.7055
1.9613,-1.0000,-0.1074,-0.4646,-0.0460,-0.7147
1.9813,-1.0000,0.0605,-0.7887,-0.0602,-0.7178
2.0013,1.0000,0.1026,-0.8102,-0.0745,-0.7124
2.0213,1.0000,-0.1448,-0.7682,-0.0886,-0.6980
2.0414,1.0000,-0.2376,-0.5446,-0.1024,-0.6762
2.0614,1.0000,-0.0752,-0.6876,-0.1157,-0.6502
2.0814,1.0000,-0.1312,-0.6822,-0.1285,-0.6250
2.1014,1.0000,-0.0053,-0.5491,-0.1408,-0.6004
2.1214,1.0000,-0.0487,-0.3674,-0.1526,-0.5753
2.1414,1.0000,-0.2018,-0.5394,-0.1638,-0.5497
2.1614,1.0000,-0.1680,-0.6136,-0.1746,-0.5238
2.1815,1.0000,-0.2259,-0.5692,-0.1848,-0.4974
2.2015,1.0000,-0.2320,-0.2116,-0.1945,-0.4707
2.2215,1.0000,-0.2429,-0.3386,-0.2036,-0.4437
2.2415,1.0000,-0.3409,-0.4109,-0.2122,-0.4164
2.2615,1.0000,-0.2525,-0.2882,-0.2203,-0.3888
2.2815,1.0000,-0.2661,-0.1575,-0.2278,-0.3610
2.3015,1.0000,-0.2046,-0.2775,-0.2348,-0.3330
2.3215,1.0000,-0.1822,-0.2476,-0.2412,-0.3048
2.3416,1.0000,-0.2641,-0.1793,-0.2470,-0.2765
2.3616,1.0000,-0.1540,-0.0813,-0.2523,-0.2480
2.3816,1.0000,-0.2813,-0.2069,-0.2569,-0.2195
2.4016,1.0000,-0.1901,-0.1808,-0.2611,-0.1910
2.4216,1.0000,-0.5277,-0.1027,-0.2646,-0.1624
2.4416,1.0000,-0.1418,-0.1722,-0.2676,-0.1339
2.4616,1.0000,-0.3142,-0.0516,-0.2700,-0.1054
2.4817,1.0000,-0.3021,0.0334,-0.2718,-0.0770
2.5017,1.0000,-0.3496,0.0736,-0.2731,-0.0487
2.5217,1.0000,-0.2859,0.0313,-0.2738,-0.0206
2.5417,1.0000,-0.4181,-0.0520,-0.2739,0.0074
2.5617,1.0000,-0.3120,-0.0242,-0.2735,0.0352
2.5817,1.0000,-0.1596,0.1764,-0.2725,0.0628
2.6017,1.0000,-0.4067,0.1389,-0.2709,0.0901
2.6217,1.0000,-0.2329,0.0996,-0.2688,0.1172
2.6418,1.0000,-0.1860,0.0887,-0.2662,0.1439
2.6618,1.0000,-0.2633,0.2286,-0.2630,0.1703
2.6818,1.0000,-0.1795,0.1794,-0.2593,0.1964
2.7018,1.0000,-0.2046,0.1221,-0.2551,0.2221
2.7218,1.0000,-0.2692,0.2021,-0.2504,0.2473
2.7418,1.0000,-0.2001,0.2746,-0.2452,0.2722
2.7618,1.0000,-0.2941,0.3075,-0.2395,0.2965
2.7819,1.0000,-0.2343,0.3001,-0.2333,0.3205
2.8019,1.0000,-0.1408,0.5389,-0.2267,0.3439
2.8219,1.0000,-0.2072,0.3832,-0.2196,0.3667
2.8419,1.0000,-0.0569,0.4043,-0.2120,0.3891
2.8619,1.0000,-0.0298,0.5913,-0.2040,0.4109
2.8819,1.0000,-0.0196,0.4808,-0.1956,0.4320
2.9019,1.0000,-0.1155,0.4806,-0.1867,0.4526
2.9219,1.0000,-0.2745,0.4381,-0.1775,0.4726
2.9420,1.0000,-0.1598,0.5002,-0.1678,0.4946
2.9620,1.0000,-0.0978,0.4751,-0.1576,0.5168
2.9820,1.0000,-0.1211,0.4856,-0.1471,0.5338
3.0020,-1.0000,-0.3457,0.4667,-0.1364,0.5424
3.0220,-1.0000,-0.2038,0.4481,-0.1256,0.5417
3.0420,-1.0000,-0.0109,0.5957,-0.1148,0.5330
3.0620,-1.0000,-0.0790,0.5189,-0.1042,0.5196
3.0821,-1.0000,0.0535,0.5296,-0.0939,0.5071
3.1021,-1.0000,0.0949,0.4746,-0.0839,0.4951
3.1221,-1.0000,-0.2228,0.4676,-0.0741,0.4827
3.1421,-1.0000,-0.2481,0.4773,-0.0646,0.4699
3.1621,-1.0000,-0.1847,0.5774,-0.0553,0.4567
3.1821,-1.0000,-0.2342,0.4985,-0.0463,0.4430
3.2021,-1.0000,-0.0298,0.3770,-0.0376,0.4290
3.2221,-1.0000,-0.0115,0.5603,-0.0291,0.4147
3.2422,-1.0000,0.0445,0.6178,-0.0210,0.3999
3.2622,-1.0000,0.1894,0.5195,-0.0131,0.3849
3.2822,-1.0000,0.0660,0.4438,-0.0055,0.3695
3.3022,-1.0000,-0.1164,0.3096,0.0017,0.3538
3.3222,-1.0000,0.0902,0.3939,0.0086,0.3379
3.3422,-1.0000,-0.0227,0.4172,0.0152,0.3217
3.3622,-1.0000,0.1896,0.3068,0.0215,0.3053
3.3823,-1.0000,0.0640,0.4809,0.0275,0.2887
3.4023,-1.0000,0.1018,0.3402,0.0331,0.2718
3.4223,-1.0000,0.0348,0.3124,0.0384,0.2548
3.4423,-1.0000,0.1311,0.2172,0.0433,0.2377
3.4623,-1.0000,0.0253,0.1329,0.0479,0.2204
3.4823,-1.0000,-0.0726,0.2256,0.0521,0.2029
3.5023,-1.0000,0.0121,-0.0329,0.0560,0.1854
3.5223,-1.0000,-0.1629,0.0634,0.0595,0.1678
3.5424,-1.0000,0.2049,0.0799,0.0627,0.1502
3.5624,-1.0000,-0.0007,0.1032,0.0655,0.1325
3.5824,-1.0000,0.0601,-0.0796,0.0680,0.1147
3.6024,-1.0000,-0.0504,0.0070,0.0701,0.0970
3.6224,-1.0000,-0.0661,0.1017,0.0719,0.0793
3.6424,-1.0000,-0.0327,0.0202,0.0733,0.0616
3.6624,-1.0000,0.1490,0.0247,0.0743,0.0440
3.6825,-1.0000,0.0555,0.0439,0.0750,0.0264
3.7025,-1.0000,-0.0759,0.0217,0.0754,0.0089
3.7225,-1.0000,-0.0447,-0.0001,0.0754,-0.0085
3.7425,-1.0000,0.0648,0.0363,0.0750,-0.0257
3.7625,-1.0000,0.0177,-0.2640,0.0743,-0.0428
3.7825,-1.0000,0.0699,-0.0307,0.0733,-0.0597
3.8025,-1.0000,0.1941,0.1481,0.0719,-0.0765
3.8225,-1.0000,0.0639,-0.0753,0.0702,-0.0931
3.8426,-1.0000,0.1763,-0.1372,0.0682,-0.1094
3.8626,-1.0000,0.0188,-0.0248,0.0659,-0.1256
3.8826,-1.0000,0.1051,-0.0253,0.0632,-0.1415
3.9026,-1.0000,-0.0076,-0.1899,0.0602,-0.1571
3.9226,-1.0000,0.1890,-0.0182,0.0569,-0.1725
3.9426,-1.0000,0.0755,-0.2765,0.0533,-0.1876
3.9626,-1.0000,0.0923,0.0097,0.0494,-0.2024
3.9827,-1.0000,0.2742,-0.2252,0.0452,-0.2138
4.0027,1.0000,-0.0263,-0.2034,0.0410,-0.2102
4.0227,1.0000,-0.0348,-0.2405,0.0369,-0.1975
4.0427,1.0000,-0.0471,-0.1601,0.0330,-0.1818
4.0627,1.0000,-0.0344,-0.0212,0.0295,-0.1670
4.0827,1.0000,-0.2291,-0.3601,0.0263,-0.1542
4.1027,1.0000,-0.1103,-0.0315,0.0234,-0.1421
4.1227,1.0000,0.0801,-0.1590,0.0207,-0.1290
4.1428,1.0000,0.0777,-0.1542,0.0182,-0.1159
4.1628,1.0000,-0.2073,-0.0491,0.0160,-0.1027
4.1828,1.0000,-0.0099,-0.0458,0.0141,-0.0896
4.2028,1.0000,0.1278,0.0956,0.0125,-0.0764
4.2228,1.0000,-0.0616,-0.1869,0.0111,-0.0632
4.2428,1.0000,0.1376,-0.1056,0.0099,-0.0500
4.2628,1.0000,0.0597,-0.1852,0.0091,-0.0369
4.2829,1.0000,0.0063,0.0679,0.0085,-0.0238
4.3029,1.0000,0.0623,-0.1192,0.0081,-0.0108
4.3229,1.0000,0.0470,0.0445,0.0080,0.0022
4.3429,1.0000,-0.0519,-0.1428,0.0082,0.0150
4.3629,1.0000,0.1611,0.0570,0.0086,0.0278
4.3829,1.0000,0.0639,-0.0019,0.0093,0.0404
4.4029,1.0000,-0.2005,-0.0719,0.0102,0.0529
4.4229,1.0000,0.0163,-0.0166,0.0114,0.0653
4.4430,1.0000,0.0183,0.1483,0.0128,0.0775
4.4630,1.0000,0.1303,-0.0022,0.0145,0.0896
4.4830,1.0000,-0.0393,0.2497,0.0164,0.1015
4.5030,1.0000,0.0215,0.1487,0.0186,0.1132
4.5230,1.0000,0.1128,0.1573,0.0209,0.1247
4.5430,1.0000,0.0692,0.1139,0.0236,0.1359
4.5630,1.0000,0.1032,0.1759,0.0264,0.1470
4.5831,1.0000,0.0587,0.1920,0.0294,0.1578
4.6031,1.0000,0.1105,0.1504,0.0327,0.1684
4.6231,1.0000,0.0603,0.1227,0.0362,0.1788
4.6431,1.0000,0.1201,0.3631,0.0399,0.1888
4.6631,1.0000,0.1677,0.2013,0.0438,0.1987
4.6831,1.0000,0.1515,0.3668,0.0478,0.2082
4.7031,1.0000,-0.0260,0.4641,0.0521,0.2175
4.7231,1.0000,0.0460,0.2066,0.0565,0.2264
4.7432,1.0000,-0.1113,0.2316,0.0612,0.2351
4.7632,1.0000,0.1627,0.3093,0.0659,0.2434
4.7832,1.0000,0.0049,0.3239,0.0709,0.2515
4.8032,1.0000,0.0394,0.4069,0.0760,0.2592
4.8232,1.0000,0.1366,0.2728,0.0813,0.2666
4.8432,1.0000,0.1579,-0.0443,0.0867,0.2736
4.8632,1.0000,0.1152,0.3460,0.0922,0.2804
4.8833,1.0000,0.2937,0.4175,0.0979,0.2867
4.9033,1.0000,0.0893,0.2312,0.1037,0.2928
4.9233,1.0000,0.0231,0.2074,0.1096,0.2985
4.9433,1.0000,0.1420,0.2352,0.1156,0.3038
4.9633,1.0000,0.0404,0.4418,0.1218,0.3090
4.9833,1.0000,-0.0339,0.2081,0.1280,0.3163
5.0033,-1.0000,0.1585,0.3810,0.1343,0.3108
5.0233,-1.0000,0.0952,0.1859,0.1404,0.2891
5.0434,-1.0000,0.0634,0.3258,0.1459,0.2656
5.0634,-1.0000,0.1528,0.3897,0.1510,0.2426
5.0834,-1.0000,0.1551,0.1524,0.1556,0.2195
5.1034,-1.0000,0.1093,0.0340,0.1598,0.1964
5.1234,-1.0000,0.1689,0.2529,0.1635,0.1732
5.1434,-1.0000,0.0395,0.1300,0.1667,0.1499
5.1634,-1.0000,0.0853,0.0347,0.1695,0.1267
5.1835,-1.0000,0.0637,0.4113,0.1718,0.1035
5.2035,-1.0000,0.1967,0.1703,0.1737,0.0803
5.2235,-1.0000,0.3312,0.0169,0.1750,0.0571
5.2435,-1.0000,0.3030,0.1075,0.1760,0.0341
5.2635,-1.0000,0.0199,0.1420,0.1764,0.0112
5.2835,-1.0000,0.0811,-0.0535,0.1764,-0.0116
5.3035,-1.0000,0.1895,0.1541,0.1760,-0.0341
5.3235,-1.0000,0.2587,0.0566,0.1751,-0.0566
5.3436,-1.0000,0.0563,-0.2392,0.1737,-0.0788
5.3636,-1.0000,0.1605,-0.1284,0.1719,-0.1007
5.3836,-1.0000,0.1540,-0.2506,0.1697,-0.1224
5.4036,-1.0000,0.2115,-0.3905,0.1670,-0.1439
5.4236,-1.0000,0.1635,-0.0187,0.1639,-0.1650
5.4436,-1.0000,0.1380,-0.2912,0.1604,-0.1858
5.4636,-1.0000,0.2510,-0.1527,0.1565,-0.2063
5.4837,-1.0000,0.2201,-0.3111,0.1521,-0.2264
5.5037,-1.0000,0.1470,-0.2001,0.1474,-0.2462
5.5237,-1.0000,0.0771,-0.1730,0.1423,-0.2655
5.5437,-1.0000,-0.0415,-0.4142,0.1367,-0.2845
5.5637,-1.0000,-0.0608,-0.3236,0.1309,-0.3030
5.5837,-1.0000,0.2486,-0.3427,0.1246,-0.3211
5.6037,-1.0000,0.1122,-0.4941,0.1180,-0.3387
5.6237,-1.0000,0.1107,-0.3772,0.1110,-0.3558
5.6438,-1.0000,0.4052,-0.4535,0.1038,-0.3725
5.6638,-1.0000,-0.0099,-0.4107,0.0961,-0.3886
5.6838,-1.0000,0.0427,-0.3923,0.0882,-0.4042
5.7038,-1.0000,0.1181,-0.2860,0.0800,-0.4193
5.7238,-1.0000,0.1405,-0.6513,0.0714,-0.4339
5.7438,-1.0000,0.1016,-0.4997,0.0626,-0.4478
5.7638,-1.0000,-0.1247,-0.2742,0.0535,-0.4612
5.7839,-1.0000,0.2283,-0.5873,0.0441,-0.4741
5.8039,-1.0000,-0.1984,-0.7957,0.0345,-0.4863
5.8239,-1.0000,0.0886,-0.5679,0.0247,-0.4979
5.8439,-1.0000,-0.0411,-0.5538,0.0146,-0.5090
5.8639,-1.0000,0.0667,-0.5565,0.0043,-0.5194
5.8839,-1.0000,-0.0952,-0.6440,-0.0062,-0.5292
5.9039,-1.0000,0.1028,-0.6700,-0.0169,-0.5384
5.9239,-1.0000,0.0147,-0.7413,-0.0277,-0.5476
5.9440,-1.0000,0.0463,-0.4260,-0.0388,-0.5593
5.9640,-1.0000,-0.1445,-0.5710,-0.0501,-0.5677
5.9840,-1.0000,-0.1412,-0.5543,-0.0614,-0.5679
6.0040,1.0000,-0.4507,-0.4295,-0.0726,-0.5581
6.0240,1.0000,-0.0414,-0.5469,-0.0837,-0.5393
6.0440,1.0000,-0.1912,-0.4016,-0.0943,-0.5154
6.0640,1.0000,-0.0982,-0.5426,-0.1044,-0.4925
6.0841,1.0000,-0.0679,-0.5796,-0.1140,-0.4701
6.1041,1.0000,0.0574,-0.4515,-0.1232,-0.4474
6.1241,1.0000,-0.1633,-0.4868,-0.1319,-0.4243
6.1441,1.0000,-0.2314,-0.2558,-0.1402,-0.4010
6.1641,1.0000,-0.1829,-0.2111,-0.1480,-0.3773
6.1841,1.0000,-0.1790,-0.5039,-0.1553,-0.3535
6.2041,1.0000,-0.1784,-0.3767,-0.1621,-0.3294
6.2241,1.0000,-0.1309,-0.1831,-0.1685,-0.3051
6.2442,1.0000,-0.0679,-0.3412,-0.1744,-0.2806
6.2642,1.0000,-0.2166,-0.1449,-0.1797,-0.2560
6.2842,1.0000,-0.1908,-0.2357,-0.1846,-0.2313
6.3042,1.0000,-0.1185,-0.1984,-0.1890,-0.2065
6.3242,1.0000,-0.2503,-0.1489,-0.1929,-0.1817
6.3442,1.0000,-0.1608,-0.2039,-0.1963,-0.1568
6.3642,1.0000,-0.3229,-0.1299,-0.1992,-0.1319
6.3843,1.0000,-0.4764,-0.0971,-0.2016,-0.1071
6.4043,1.0000,-0.1383,-0.2634,-0.2035,-0.0823
6.4243,1.0000,-0.2864,-0.0884,-0.2049,-0.0576
6.4443,1.0000,-0.2038,0.0908,-0.2058,-0.0330
6.4643,1.0000,-0.2942,-0.1532,-0.2063,-0.0085
6.4843,1.0000,-0.1130,-0.0610,-0.2062,0.0158
6.5043,1.0000,-0.4439,0.1487,-0.2056,0.0399
6.5243,1.0000,-0.1266,0.1455,-0.2046,0.0639
6.5444,1.0000,-0.2134,0.0734,-0.2030,0.0876
6.5644,1.0000,-0.3189,0.0918,-0.2010,0.1110
6.5844,1.0000,-0.2454,0.0671,-0.1986,0.1342
6.6044,1.0000,-0.1709,0.2259,-0.1956,0.1571
6.6244,1.0000,-0.1434,0.0027,-0.1923,0.1797
6.6444,1.0000,-0.3146,0.1486,-0.1884,0.2019
6.6644,1.0000,-0.0357,0.2100,-0.1841,0.2237
6.6845,1.0000,-0.0448,0.2970,-0.1794,0.2452
6.7045,1.0000,-0.1478,0.2647,-0.1743,0.2663
6.7245,1.0000,-0.1992,0.4055,-0.1688,0.2870
6.7445,1.0000,0.0527,0.3194,-0.1628,0.3072
6.7645,1.0000,0.0146,0.3735,-0.1565,0.3269
6.7845,1.0000,-0.2641,0.2651,-0.1497,0.3462
6.8045,1.0000,-0.2204,0.3951,-0.1426,0.3650
6.8245,1.0000,-0.0870,0.4346,-0.1351,0.3832
6.8446,1.0000,-0.2033,0.4869,-0.1273,0.4009
6.8646,1.0000,-0.0415,0.5246,-0.1191,0.4181
6.8846,1.0000,-0.2186,0.4884,-0.1106,0.4348
6.9046,1.0000,-0.0680,0.4081,-0.1017,0.4508
6.9246,1.0000,-0.1186,0.4859,-0.0925,0.4663
6.9446,1.0000,-0.0870,0.5174,-0.0830,0.4811
6.9646,1.0000,-0.0674,0.3337,-0.0733,0.4954
6.9847,1.0000,-0.2310,0.3777,-0.0632,0.5120
7.0047,-1.0000,-0.1744,0.7077,-0.0528,0.5212
7.0247,-1.0000,-0.0541,0.6954,-0.0425,0.5136
7.0447,-1.0000,-0.1132,0.5056,-0.0323,0.4972
7.0647,-1.0000,0.0004,0.3541,-0.0225,0.4820
7.0847,-1.0000,-0.1103,0.5257,-0.0130,0.4665
7.1047,-1.0000,-0.0062,0.5451,-0.0039,0.4505
7.1247,-1.0000,0.1106,0.4243,0.0050,0.4342
7.1448,-1.0000,-0.1139,0.4027,0.0135,0.4175
7.1648,-1.0000,0.0567,0.2877,0.0217,0.4005
7.1848,-1.0000,-0.0341,0.3522,0.0296,0.3832
7.2048,-1.0000,-0.0492,0.2268,0.0371,0.3655
7.2248,-1.0000,0.0946,0.4911,0.0442,0.3476
7.2448,-1.0000,-0.0190,0.2377,0.0510,0.3295
7.2648,-1.0000,0.0891,0.6689,0.0574,0.3111
7.2849,-1.0000,0.0714,0.1868,0.0634,0.2925
7.3049,-1.0000,0.0495,0.2453,0.0691,0.2738
7.3249,-1.0000,0.0710,0.1884,0.0744,0.2548
7.3449,-1.0000,0.1339,0.2176,0.0793,0.2358
7.3649,-1.0000,0.2318,0.2086,0.0838,0.2166
7.3849,-1.0000,-0.0206,0.2607,0.0880,0.1973
7.4049,-1.0000,-0.0157,0.3408,0.0917,0.1779
7.4249,-1.0000,0.2557,0.0721,0.0951,0.1584
7.4450,-1.0000,0.0104,0.2019,0.0980,0.1389
7.4650,-1.0000,0.0304,0.0936,0.1006,0.1194
7.4850,-1.0000,-0.0719,-0.0377,0.1028,0.0999
7.5050,-1.0000,0.1536,0.2123,0.1046,0.0804
7.5250,-1.0000,-0.0048,0.1696,0.1060,0.0610
7.5450,-1.0000,0.1788,0.2201,0.1071,0.0416
7.5650,-1.0000,0.0953,-0.0399,0.1077,0.0223
7.5851,-1.0000,0.0627,0.0449,0.1080,0.0032
7.6051,-1.0000,0.0495,0.0527,0.1078,-0.0159
7.6251,-1.0000,0.2374,-0.0813,0.1073,-0.0348
7.6451,-1.0000,0.1572,-0.1992,0.1064,-0.0536
7.6651,-1.0000,0.1340,-0.0699,0.1052,-0.0721
7.6851,-1.0000,0.1191,-0.0587,0.1035,-0.0905
7.7051,-1.0000,0.1266,-0.1232,0.1016,-0.1087
7.7252,-1.0000,0.2869,-0.1115,0.0992,-0.1266
7.7452,-1.0000,0.1769,-0.1703,0.0965,-0.1442
7.7652,-1.0000,0.1785,-0.1922,0.0934,-0.1616
7.7852,-1.0000,0.1044,-0.2811,0.0900,-0.1787
7.8052,-1.0000,0.0825,-0.4288,0.0863,-0.1955
7.8252,-1.0000,0.1101,-0.0721,0.0822,-0.2120
7.8452,-1.0000,0.1686,-0.1818,0.0778,-0.2282
7.8652,-1.0000,0.0473,-0.3445,0.0731,-0.2440
7.8853,-1.0000,0.2224,-0.2539,0.0680,-0.2594
7.9053,-1.0000,0.0287,-0.2178,0.0627,-0.2744
7.9253,-1.0000,0.0747,-0.2261,0.0570,-0.2891
7.9453,-1.0000,-0.0181,-0.2842,0.0511,-0.3033
7.9653,-1.0000,-0.1383,-0.2113,0.0449,-0.3172
7.9853,-1.0000,0.1947,-0.2085,0.0384,-0.3330
8.0053,1.0000,-0.1265,-0.3615,0.0316,-0.3418
8.0254,1.0000,0.1857,-0.3847,0.0249,-0.3323
8.0454,1.0000,-0.1722,-0.2325,0.0184,-0.3166
8.0654,1.0000,0.0842,-0.2449,0.0122,-0.3020
8.0854,1.0000,0.1079,-0.3842,0.0063,-0.2872
8.1054,1.0000,-0.0403,-0.2279,0.0007,-0.2722
8.1254,1.0000,-0.0345,-0.3926,-0.0046,-0.2570
8.1454,1.0000,0.0690,-0.3451,-0.0096,-0.2416
8.1654,1.0000,0.0653,-0.2071,-0.0143,-0.2261
8.1855,1.0000,-0.0805,-0.2884,-0.0187,-0.2104
8.2055,1.0000,-0.0259,-0.1576,-0.0227,-0.1946
8.2255,1.0000,0.0422,-0.1561,-0.0265,-0.1787
8.2455,1.0000,0.0336,-0.0453,-0.0299,-0.1627
8.2655,1.0000,-0.1739,-0.2497,-0.0330,-0.1466
8.2855,1.0000,0.1086,-0.2263,-0.0358,-0.1305
8.3055,1.0000,-0.1314,-0.0443,-0.0382,-0.1144
8.3256,1.0000,-0.0246,0.0048,-0.0403,-0.0982
8.3456,1.0000,-0.1526,-0.1179,-0.0421,-0.0821
8.3656,1.0000,-0.0087,0.1071,-0.0436,-0.0660
8.3856,1.0000,0.0036,0.1246,-0.0448,-0.0499
8.4056,1.0000,-0.0018,0.1699,-0.0456,-0.0339
8.4256,1.0000,-0.0840,-0.1953,-0.0461,-0.0179
8.4456,1.0000,-0.0457,-0.1439,-0.0463,-0.0020
8.4656,1.0000,-0.0926,0.1260,-0.0462,0.0138
8.4857,1.0000,-0.0415,0.0916,-0.0458,0.0294
8.5057,1.0000,0.0335,0.0473,-0.0450,0.0449
8.5257,1.0000,0.0285,0.0323,-0.0440,0.0603
8.5457,1.0000,0.0059,-0.0007,-0.0426,0.0755
8.5657,1.0000,0.0027,0.0707,-0.0409,0.0905
8.5857,1.0000,-0.0262,0.1680,-0.0390,0.1053
8.6057,1.0000,-0.1193,0.0602,-0.0367,0.1199
8.6258,1.0000,-0.3167,0.0195,-0.0342,0.1343
8.6458,1.0000,-0.0817,0.1630,-0.0313,0.1485
8.6658,1.0000,-0.1600,0.1873,-0.0282,0.1624
8.6858,1.0000,-0.0099,0.3335,-0.0248,0.1760
8.7058,1.0000,0.1000,0.3506,-0.0212,0.1894
8.7258,1.0000,-0.0299,0.1280,-0.0173,0.2024
8.7458,1.0000,-0.0233,0.3881,-0.0131,0.2152
8.7658,1.0000,-0.2336,0.2611,-0.0087,0.2276
8.7859,1.0000,0.0616,0.3255,-0.0040,0.2397
8.8059,1.0000,0.1582,0.0759,0.0009,0.2515
8.8259,1.0000,-0.0161,0.3436,0.0061,0.2630
8.8459,1.0000,-0.0839,0.3913,0.0115,0.2741
8.8659,1.0000,0.1367,0.3437,0.0171,0.2848
8.8859,1.0000,0.1007,0.1548,0.0229,0.2951
8.9059,1.0000,0.0568,0.2894,0.0289,0.3051
8.9260,1.0000,-0.0076,0.3491,0.0351,0.3146
8.9460,1.0000,0.1380,0.3251,0.0415,0.3238
8.9660,1.0000,0.2032,0.2739,0.0480,0.3326
8.9860,1.0000,-0.0858,0.3685,0.0548,0.3409
9.0060,-1.0000,0.0585,0.3055,0.0616,0.3412
9.0260,-1.0000,-0.0112,0.3924,0.0683,0.3281
9.0460,-1.0000,0.2450,0.4379,0.0747,0.3080
9.0660,-1.0000,0.0038,0.3421,0.0807,0.2856
9.0861,-1.0000,0.1689,0.1680,0.0862,0.2638
9.1061,-1.0000,0.0813,0.1846,0.0913,0.2438
9.1261,-1.0000,0.2303,0.1916,0.0959,0.2249
9.1461,-1.0000,0.1413,0.2143,0.1002,0.2052
9.1661,-1.0000,0.0403,0.0835,0.1041,0.1851
9.1861,-1.0000,0.0213,0.0987,0.1076,0.1649
9.2061,-1.0000,-0.1460,0.1327,0.1107,0.1447
9.2262,-1.0000,0.1329,0.1506,0.1134,0.1245
9.2462,-1.0000,-0.0972,0.3185,0.1157,0.1043
9.2662,-1.0000,0.1001,0.0811,0.1176,0.0841
9.2862,-1.0000,0.0958,-0.0261,0.1191,0.0639
9.3062,-1.0000,0.3393,0.2158,0.1201,0.0438
9.3262,-1.0000,0.1013,0.0932,0.1208,0.0238
9.3462,-1.0000,0.1034,-0.0190,0.1211,0.0039
9.3662,-1.0000,0.1469,0.1563,0.1210,-0.0159
9.3863,-1.0000,0.2911,-0.1034,0.1205,-0.0355
9.4063,-1.0000,0.1688,-0.1810,0.1196,-0.0549
9.4263,-1.0000,-0.0179,-0.2238,0.1183,-0.0742
9.4463,-1.0000,-0.0004,-0.1420,0.1166,-0.0933
9.4663,-1.0000,0.1249,-0.0608,0.1146,-0.1121
9.4863,-1.0000,0.2049,-0.0397,0.1121,-0.1307
9.5063,-1.0000,0.1036,-0.1223,0.1093,-0.1490
9.5264,-1.0000,0.1609,-0.2492,0.1062,-0.1671
9.5464,-1.0000,0.0512,-0.1551,0.1027,-0.1848
9.5664,-1.0000,0.0855,-0.0701,0.0988,-0.2022
9.5864,-1.0000,0.1970,-0.1386,0.0946,-0.2193
9.6064,-1.0000,0.1006,-0.3154,0.0900,-0.2360
9.6264,-1.0000,0.1621,-0.2579,0.0851,-0.2524
9.6464,-1.0000,0.0101,-0.2563,0.0799,-0.2684
9.6664,-1.0000,0.3370,-0.4498,0.0743,-0.2840
9.6865,-1.0000,0.3048,-0.4726,0.0685,-0.2992
9.7065,-1.0000,0.1275,-0.4255,0.0624,-0.3140
9.7265,-1.0000,0.1273,-0.3074,0.0559,-0.3284
9.7465,-1.0000,0.0009,-0.3139,0.0492,-0.3423
9.7665,-1.0000,0.0473,-0.3950,0.0422,-0.3557
9.7865,-1.0000,0.0544,-0.4120,0.0350,-0.3687
9.8065,-1.0000,0.1470,-0.2004,0.0275,-0.3812
9.8266,-1.0000,-0.0389,-0.4057,0.0197,-0.3932
9.8466,-1.0000,0.1636,-0.2600,0.0117,-0.4048
9.8666,-1.0000,-0.0821,-0.3512,0.0035,-0.4158
9.8866,-1.0000,-0.1531,-0.3191,-0.0049,-0.4263
9.9066,-1.0000,-0.0786,-0.4003,-0.0135,-0.4362
9.9266,-1.0000,-0.0068,-0.5602,-0.0224,-0.4457
9.9466,-1.0000,-0.1379,-0.3302,-0.0314,-0.4546
9.9666,-1.0000,-0.0471,-0.5938,-0.0406,-0.4629
9.9867,-1.0000,-0.0574,-0.5618,-0.0499,-0.4708
10.0067,1.0000,-0.0461,-0.4488,-0.0594,-0.4757
10.0267,1.0000,-0.0330,-0.4391,-0.0688,-0.4676
10.0467,1.0000,-0.1159,-0.6180,-0.0780,-0.4502
10.0667,1.0000,0.0199,-0.6680,-0.0869,-0.4279
10.0867,1.0000,-0.3353,-0.4571,-0.0952,-0.4039
10.1067,1.0000,-0.1544,-0.4911,-0.1031,-0.3804
10.1268,1.0000,-0.0793,-0.3382,-0.1105,-0.3583
10.1468,1.0000,-0.1868,-0.2960,-0.1174,-0.3374
10.1668,1.0000,-0.2487,-0.5625,-0.1239,-0.3163
10.1868,1.0000,-0.1622,-0.2812,-0.1300,-0.2941
10.2068,1.0000,-0.1641,-0.3438,-0.1357,-0.2718
10.2268,1.0000,-0.2806,-0.4198,-0.1409,-0.2493
10.2468,1.0000,-0.0866,-0.2983,-0.1456,-0.2267
10.2668,1.0000,-0.3822,-0.1891,-0.1500,-0.2041
10.2869,1.0000,-0.1066,-0.0225,-0.1538,-0.1813
10.3069,1.0000,-0.2160,-0.1979,-0.1572,-0.1586
10.3269,1.0000,-0.2979,-0.1997,-0.1602,-0.1358
10.3469,1.0000,-0.1625,-0.0393,-0.1626,-0.1130
10.3669,1.0000,-0.3421,0.0807,-0.1647,-0.0902
10.3869,1.0000,-0.2077,-0.0335,-0.1663,-0.0675
10.4069,1.0000,-0.3072,0.0483,-0.1674,-0.0449
10.4270,1.0000,-0.1273,-0.1237,-0.1681,-0.0223
10.4470,1.0000,-0.1308,0.0684,-0.1683,0.0001
10.4670,1.0000,-0.0609,-0.0450,-0.1681,0.0223
10.4870,1.0000,-0.2417,0.0582,-0.1674,0.0444
10.5070,1.0000,-0.2818,0.0057,-0.1663,0.0663
10.5270,1.0000,-0.2406,-0.0445,-0.1648,0.0880
10.5470,1.0000,-0.1907,0.0641,-0.1628,0.1094
10.5670,1.0000,-0.0573,0.0289,-0.1604,0.1306
10.5871,1.0000,-0.1716,0.0799,-0.1576,0.1515
10.6071,1.0000,-0.1469,0.0622,-0.1544,0.1721
10.6271,1.0000,-0.1600,0.1080,-0.1507,0.1923
10.6471,1.0000,-0.1130,0.1729,-0.1467,0.2122
10.6671,1.0000,0.0208,0.2302,-0.1422,0.2318
10.6871,1.0000,-0.1517,0.3189,-0.1374,0.2510
10.7071,1.0000,-0.1400,0.1937,-0.1321,0.2698
10.7272,1.0000,-0.1389,0.3316,-0.1266,0.2881
10.7472,1.0000,-0.2011,0.2839,-0.1206,0.3061
10.7672,1.0000,0.1282,0.2260,-0.1143,0.3236
10.7872,1.0000,-0.0725,0.2779,-0.1076,0.3406
10.8072,1.0000,-0.1107,0.3866,-0.1006,0.3572
10.8272,1.0000,-0.1823,0.3572,-0.0933,0.3733
10.8472,1.0000,0.0185,0.4004,-0.0857,0.3888
10.8672,1.0000,-0.0381,0.4847,-0.0778,0.4039
10.8873,1.0000,-0.1370,0.4386,-0.0695,0.4184
10.9073,1.0000,0.0370,0.5205,-0.0610,0.4324
10.9273,1.0000,-0.0079,0.3952,-0.0522,0.4459
10.9473,1.0000,0.1028,0.5131,-0.0432,0.4587
10.9673,1.0000,-0.1845,0.3044,-0.0338,0.4741
10.9873,1.0000,-0.0631,0.5494,-0.0242,0.4861
11.0073,-1.0000,-0.0722,0.4892,-0.0145,0.4863
11.0274,-1.0000,-0.1219,0.5486,-0.0049,0.4738
11.0474,-1.0000,0.0067,0.2589,0.0045,0.4552
11.0674,-1.0000,0.0809,0.3939,0.0134,0.4383
11.0874,-1.0000,-0.0151,0.5054,0.0220,0.4212
11.1074,-1.0000,-0.0653,0.1998,0.0303,0.4037
11.1274,-1.0000,0.0491,0.4077,0.0382,0.3859
11.1474,-1.0000,0.1420,0.4618,0.0457,0.3678
11.1674,-1.0000,0.1165,0.4083,0.0529,0.3494
11.1875,-1.0000,0.1318,0.2542,0.0597,0.3308
11.2075,-1.0000,0.0236,0.3359,0.0661,0.3119
11.2275,-1.0000,0.0914,0.3077,0.0722,0.2929
11.2475,-1.0000,0.0727,0.4972,0.0779,0.2736
11.2675,-1.0000,0.0709,0.3357,0.0832,0.2542
11.2875,-1.0000,0.1538,0.1607,0.0881,0.2347
11.3075,-1.0000,-0.0519,0.3735,0.0926,0.2150
11.3276,-1.0000,0.0664,0.3762,0.0967,0.1952
11.3476,-1.0000,0.1243,0.1243,0.1004,0.1754
11.3676,-1.0000,0.1953,0.1110,0.1037,0.1555
11.3876,-1.0000,0.0276,0.3098,0.1066,0.1356
11.4076,-1.0000,0.0470,-0.0635,0.1091,0.1157
11.4276,-1.0000,-0.0053,0.2910,0.1112,0.0957
11.4476,-1.0000,0.1882,0.1833,0.1129,0.0758
11.4676,-1.0000,0.1815,-0.0341,0.1143,0.0560
11.4877,-1.0000,0.0024,-0.0807,0.1152,0.0362
11.5077,-1.0000,0.0618,0.0156,0.1157,0.0166
11.5277,-1.0000,0.2378,0.0732,0.1158,-0.0030
11.5477,-1.0000,0.2404,-0.0642,0.1156,-0.0224
11.5677,-1.0000,0.0836,0.0258,0.1149,-0.0417
11.5877,-1.0000,0.1429,-0.1256,0.1139,-0.0608
11.6077,-1.0000,0.0911,-0.0935,0.1125,-0.0797
11.6278,-1.0000,0.1442,-0.1559,0.1107,-0.0985
11.6478,-1.0000,0.1209,-0.0562,0.1085,-0.1169
11.6678,-1.0000,0.2116,-0.1781,0.1060,-0.1352
11.6878,-1.0000,0.1404,-0.2007,0.1031,-0.1531
11.7078,-1.0000,0.0531,-0.2678,0.0999,-0.1708
11.7278,-1.0000,0.0327,-0.1780,0.0963,-0.1882
11.7478,-1.0000,0.1376,-0.2155,0.0924,-0.2053
11.7678,-1.0000,0.1312,-0.1690,0.0881,-0.2220
11.7879,-1.0000,0.2082,-0.0427,0.0835,-0.2384
11.8079,-1.0000,0.0836,-0.0223,0.0785,-0.2544
11.8279,-1.0000,0.0953,-0.3152,0.0733,-0.2700
11.8479,-1.0000,-0.0214,-0.0714,0.0677,-0.2853
11.8679,-1.0000,0.1287,-0.2307,0.0619,-0.3001
11.8879,-1.0000,0.0480,-0.3658,0.0557,-0.3146
11.9079,-1.0000,0.2494,-0.4287,0.0493,-0.3286
11.9280,-1.0000,0.0945,-0.3449,0.0426,-0.3421
11.9480,-1.0000,-0.0920,-0.3250,0.0356,-0.3552
11.9680,-1.0000,-0.0206,-0.5067,0.0284,-0.3679
11.9880,-1.0000,0.0909,-0.2853,0.0208,-0.3828
12.0080,1.0000,-0.0127,-0.3143,0.0132,-0.3846
12.0280,1.0000,0.0142,-0.2461,0.0056,-0.3695
12.0480,1.0000,-0.2067,-0.2559,-0.0017,-0.3535
12.0680,1.0000,0.0172,-0.2747,-0.0086,-0.3375
12.0881,1.0000,-0.0320,-0.2538,-0.0152,-0.3214
12.1081,1.0000,-0.0783,-0.4080,-0.0214,-0.3049
12.1281,1.0000,-0.0778,-0.4919,-0.0274,-0.2883
12.1481,1.0000,-0.1365,-0.3070,-0.0330,-0.2715
12.1681,1.0000,0.0084,-0.5370,-0.0383,-0.2545
12.1881,1.0000,-0.0955,-0.2441,-0.0432,-0.2373
12.2081,1.0000,-0.1980,-0.3414,-0.0478,-0.2200
12.2282,1.0000,-0.2133,-0.0914,-0.0520,-0.2026
12.2482,1.0000,0.0090,-0.1561,-0.0559,-0.1851
12.2682,1.0000,-0.0286,-0.0747,-0.0594,-0.1675
12.2882,1.0000,-0.0151,-0.0331,-0.0626,-0.1498
12.3082,1.0000,-0.1022,0.0325,-0.0654,-0.1321
12.3282,1.0000,0.2180,-0.0323,-0.0679,-0.1144
12.3482,1.0000,-0.1762,-0.1700,-0.0700,-0.0967
12.3682,1.0000,-0.0688,-0.1484,-0.0717,-0.0790
12.3883,1.0000,-0.0517,0.0575,-0.0731,-0.0613
12.4083,1.0000,-0.0493,-0.0519,-0.0742,-0.0437
12.4283,1.0000,0.0583,-0.1063,-0.0749,-0.0261
12.4483,1.0000,-0.1486,0.0630,-0.0752,-0.0087
12.4683,1.0000,-0.0926,0.0338,-0.0752,0.0087
12.4883,1.0000,0.0225,0.0716,-0.0749,0.0259
12.5083,1.0000,-0.1229,-0.0178,-0.0742,0.0430
12.5284,1.0000,-0.2119,0.1220,-0.0731,0.0599
12.5484,1.0000,0.0425,0.0719,-0.0718,0.0767
12.5684,1.0000,0.0647,0.0912,-0.0701,0.0933
12.5884,1.0000,0.0197,0.1617,-0.0681,0.1096
12.6084,1.0000,-0.0792,0.2564,-0.0657,0.1257
12.6284,1.0000,0.0980,0.1574,-0.0630,0.1416
12.6484,1.0000,0.0681,0.1059,-0.0600,0.1573
12.6684,1.0000,-0.1315,0.3110,-0.0567,0.1726
12.6885,1.0000,-0.0306,0.2086,-0.0531,0.1877
12.7085,1.0000,-0.1036,0.2111,-0.0492,0.2025
12.7285,1.0000,0.0140,0.1013,-0.0450,0.2169
12.7485,1.0000,-0.0374,0.2721,-0.0405,0.2310
12.7685,1.0000,-0.0862,0.2582,-0.0358,0.2448
12.7885,1.0000,-0.1235,0.4295,-0.0307,0.2583
12.8085,1.0000,0.0254,0.3819,-0.0254,0.2714
12.8286,1.0000,0.0941,0.2564,-0.0199,0.2841
12.8486,1.0000,-0.0175,0.3207,-0.0141,0.2964
12.8686,1.0000,-0.0525,0.2427,-0.0080,0.3083
12.8886,1.0000,-0.0245,0.3680,-0.0017,0.3198
12.9086,1.0000,0.0707,0.4271,0.0048,0.3309
12.9286,1.0000,-0.0240,0.2271,0.0115,0.3415
12.9486,1.0000,-0.0064,0.5234,0.0184,0.3518
12.9686,1.0000,0.1007,0.3057,0.0256,0.3616
12.9887,1.0000,0.0853,0.4600,0.0329,0.3707
13.0087,-1.0000,0.0904,0.3045,0.0403,0.3687
13.0287,-1.0000,0.0600,0.4197,0.0476,0.3546
13.0487,-1.0000,0.1490,0.0456,0.0545,0.3345
13.0687,-1.0000,0.0776,0.0597,0.0610,0.3130
13.0887,-1.0000,-0.0722,0.3223,0.0671,0.2925
13.1087,-1.0000,0.1446,0.3382,0.0727,0.2738
13.1288,-1.0000,0.0452,0.3561,0.0780,0.2556
13.1488,-1.0000,0.1447,0.5854,0.0829,0.2364
13.1688,-1.0000,0.1935,0.0511,0.0874,0.2170
13.1888,-1.0000,0.1139,0.2107,0.0916,0.1975
13.2088,-1.0000,0.0871,0.0778,0.0954,0.1779
13.2288,-1.0000,0.0942,0.1392,0.0987,0.1583
13.2488,-1.0000,0.0971,0.2717,0.1017,0.1386
13.2688,-1.0000,0.1326,0.2906,0.1043,0.1189
13.2889,-1.0000,0.1380,0.0414,0.1065,0.0992
13.3089,-1.0000,0.2065,0.0820,0.1082,0.0795
13.3289,-1.0000,0.0469,0.0904,0.1096,0.0599
13.3489,-1.0000,0.0828,0.0965,0.1106,0.0403
13.3689,-1.0000,0.1144,0.1282,0.1113,0.0209
13.3889,-1.0000,0.1865,-0.0928,0.1115,0.0015
13.4089,-1.0000,-0.0342,-0.1345,0.1113,-0.0178
13.4290,-1.0000,0.0038,-0.0983,0.1108,-0.0369
13.4490,-1.0000,0.0686,-0.1683,0.1099,-0.0558
13.4690,-1.0000,0.0045,0.1989,0.1086,-0.0745
13.4890,-1.0000,0.2836,-0.0513,0.1069,-0.0931
13.5090,-1.0000,0.1331,-0.2556,0.1049,-0.1114
13.5290,-1.0000,0.1256,-0.2578,0.1025,-0.1294
13.5490,-1.0000,0.0472,0.0011,0.0997,-0.1473
13.5690,-1.0000,-0.0529,-0.0820,0.0966,-0.1648
13.5891,-1.0000,0.3290,-0.1166,0.0931,-0.1820
13.6091,-1.0000,0.0612,-0.1833,0.0893,-0.1990
13.6291,-1.0000,0.1292,-0.0458,0.0851,-0.2156
13.6491,-1.0000,0.0846,-0.4242,0.0806,-0.2318
13.6691,-1.0000,0.1282,-0.4032,0.0758,-0.2477
13.6891,-1.0000,0.0348,-0.3139,0.0707,-0.2633
13.7091,-1.0000,0.1372,-0.2783,0.0653,-0.2784
13.7292,-1.0000,-0.0371,-0.2387,0.0595,-0.2932
13.7492,-1.0000,0.1124,-0.1534,0.0535,-0.3075
13.7692,-1.0000,0.1021,-0.4264,0.0472,-0.3215
13.7892,-1.0000,0.0329,-0.3951,0.0406,-0.3350
13.8092,-1.0000,0.0676,-0.3440,0.0338,-0.3480
13.8292,-1.0000,0.0270,-0.3195,0.0267,-0.3606
13.8492,-1.0000,0.1322,-0.4577,0.0194,-0.3727
13.8692,-1.0000,-0.0196,-0.3702,0.0118,-0.3844
13.8893,-1.0000,-0.2348,-0.3882,0.0040,-0.3956
13.9093,-1.0000,-0.1843,-0.3733,-0.0040,-0.4062
13.9293,-1.0000,0.1518,-0.5138,-0.0123,-0.4164
13.9493,-1.0000,-0.1032,-0.3451,-0.0207,-0.4260
13.9693,-1.0000,0.0761,-0.5538,-0.0293,-0.4352
13.9893,-1.0000,0.0607,-0.3274,-0.0381,-0.4438
14.0093,1.0000,-0.1098,-0.5895,-0.0470,-0.4478
14.0294,1.0000,0.0773,-0.5311,-0.0559,-0.4383
14.0494,1.0000,0.0947,-0.3120,-0.0645,-0.4202
14.0694,1.0000,-0.1458,-0.3438,-0.0728,-0.3980
14.0894,1.0000,-0.1941,-0.4653,-0.0806,-0.3751
14.1094,1.0000,-0.1921,-0.3217,-0.0879,-0.3533
14.1294,1.0000,-0.2808,-0.2303,-0.0947,-0.3330
14.1494,1.0000,-0.1788,-0.2102,-0.1011,-0.3134
14.1694,1.0000,-0.1040,-0.2791,-0.1071,-0.2926
14.1895,1.0000,-0.0371,-0.2923,-0.1128,-0.2715
14.2095,1.0000,-0.2049,-0.4110,-0.1180,-0.2503
14.2295,1.0000,-0.2190,-0.2569,-0.1228,-0.2289
14.2495,1.0000,-0.0895,-0.3453,-0.1272,-0.2075
14.2695,1.0000,-0.1399,-0.1343,-0.1311,-0.1859
14.2895,1.0000,-0.1836,-0.1404,-0.1346,-0.1643
14.3095,1.0000,0.0519,-0.1951,-0.1377,-0.1427
14.3296,1.0000,-0.3227,-0.0110,-0.1403,-0.1210
14.3496,1.0000,-0.1597,-0.2745,-0.1425,-0.0994
14.3696,1.0000,-0.1342,-0.2123,-0.1443,-0.0778
14.3896,1.0000,-0.1994,0.0069,-0.1457,-0.0562
14.4096,1.0000,-0.0648,-0.0504,-0.1466,-0.0348
14.4296,1.0000,-0.0410,-0.0354,-0.1471,-0.0134
14.4496,1.0000,-0.2842,-0.0983,-0.1471,0.0078
14.4696,1.0000,-0.0727,0.1493,-0.1468,0.0289
14.4897,1.0000,-0.0968,0.1307,-0.1460,0.0498
14.5097,1.0000,0.0814,-0.0347,-0.1448,0.0705
14.5297,1.0000,-0.1957,0.2094,-0.1432,0.0910
14.5497,1.0000,-0.2502,0.0905,-0.1412,0.1112
14.5697,1.0000,-0.0887,0.0499,-0.1387,0.1312
14.5897,1.0000,0.0331,0.2144,-0.1359,0.1509
14.6097,1.0000,-0.0954,0.0981,-0.1327,0.1704
14.6298,1.0000,-0.0616,0.1303,-0.1291,0.1895
14.6498,1.0000,-0.0130,0.2947,-0.1251,0.2083
14.6698,1.0000,-0.1099,0.1818,-0.1207,0.2267
14.6898,1.0000,0.0080,0.2609,-0.1160,0.2448
14.7098,1.0000,0.0185,0.2790,-0.1109,0.2625
14.7298,1.0000,-0.1389,0.2368,-0.1055,0.2798
14.7498,1.0000,-0.0018,0.2083,-0.0997,0.2967
14.7698,1.0000,-0.1648,0.3573,-0.0936,0.3132
14.7899,1.0000,-0.0559,0.4320,-0.0872,0.3292
14.8099,1.0000,-0.0046,0.0859,-0.0804,0.3447
14.8299,1.0000,-0.1663,0.3306,-0.0734,0.3598
14.8499,1.0000,-0.0773,0.5708,-0.0660,0.3744
14.8699,1.0000,0.0018,0.3922,-0.0584,0.3886
14.8899,1.0000,-0.0064,0.4002,-0.0505,0.4022
14.9099,1.0000,-0.0694,0.4823,-0.0423,0.4153
14.9300,1.0000,-0.0392,0.3784,-0.0338,0.4278
14.9500,1.0000,-0.0454,0.4589,-0.0251,0.4405
14.9700,1.0000,0.0324,0.4493,-0.0162,0.4548
14.9900,1.0000,-0.1215,0.3816,-0.0071,0.4573
15.0100,-1.0000,-0.0448,0.3185,0.0020,0.4443
15.0300,-1.0000,-0.1044,0.4724,0.0107,0.4261
15.0500,-1.0000,0.0621,0.6153,0.0191,0.4092
15.0700,-1.0000,0.1442,0.4153,0.0271,0.3919
15.0901,-1.0000,-0.0061,0.2514,0.0348,0.3744
15.1101,-1.0000,0.1216,0.2359,0.0421,0.3566
15.1301,-1.0000,-0.0235,0.2910,0.0490,0.3385
15.1501,-1.0000,0.1143,0.1248,0.0556,0.3201
15.1701,-1.0000,-0.0405,0.3193,0.0619,0.3016
15.1901,-1.0000,0.0946,0.4691,0.0677,0.2828
15.2101,-1.0000,0.1697,0.1175,0.0732,0.2639
15.2302,-1.0000,-0.0469,0.1430,0.0783,0.2448
15.2502,-1.0000,0.0128,0.1032,0.0830,0.2256
15.2702,-1.0000,0.0925,0.3290,0.0873,0.2062
15.2902,-1.0000,0.1792,0.2776,0.0913,0.1868
15.3102,-1.0000,0.1728,-0.0052,0.0948,0.1673
15.3302,-1.0000,-0.0277,0.2024,0.0980,0.1478
15.3502,-1.0000,0.0886,0.0355,0.1007,0.1282
15.3702,-1.0000,0.0755,0.0954,0.1031,0.1087
15.3903,-1.0000,0.3535,0.0513,0.1051,0.0891
15.4103,-1.0000,0.1800,-0.0815,0.1066,0.0696
15.4303,-1.0000,0.1885,0.1193,0.1078,0.0501
15.4503,-1.0000,0.0242,0.1465,0.1086,0.0307
15.4703,-1.0000,0.0464,0.0591,0.1091,0.0114
15.4903,-1.0000,0.0530,-0.0976,0.1091,-0.0077
15.5103,-1.0000,0.0421,-0.0559,0.1087,-0.0268
15.5304,-1.0000,-0.0868,0.0693,0.1080,-0.0457
15.5504,-1.0000,0.1233,0.0411,0.1069,-0.0644
15.5704,-1.0000,0.2433,-0.1702,0.1054,-0.0829
15.5904,-1.0000,0.1944,-0.0874,0.1036,-0.1012
15.6104,-1.0000,-0.0236,-0.1244,0.1014,-0.1193
15.6304,-1.0000,0.2392,-0.1991,0.0988,-0.1371
15.6504,-1.0000,0.1207,-0.1151,0.0959,-0.1547
15.6704,-1.0000,0.1202,-0.2054,0.0926,-0.1720
15.6905,-1.0000,-0.0088,-0.0626,0.0890,-0.1889
15.7105,-1.0000,-0.0090,-0.2760,0.0851,-0.2056
15.7305,-1.0000,0.1492,-0.2251,0.0808,-0.2220
15.7505,-1.0000,0.0056,-0.3456,0.0762,-0.2379
15.7705,-1.0000,0.0701,-0.2035,0.0713,-0.2536
15.7905,-1.0000,0.0678,-0.1615,0.0660,-0.2689
15.8105,-1.0000,-0.0551,-0.2756,0.0605,-0.2837
15.8306,-1.0000,-0.0028,-0.4640,0.0547,-0.2982
15.8506,-1.0000,0.0385,-0.1705,0.0486,-0.3123
15.8706,-1.0000,-0.0289,-0.4432,0.0422,-0.3259
15.8906,-1.0000,0.0659,-0.4161,0.0355,-0.3391
15.9106,-1.0000,-0.0379,-0.4393,0.0286,-0.3519
15.9306,-1.0000,0.0354,-0.3800,0.0214,-0.3641
15.9506,-1.0000,-0.1387,-0.3609,0.0140,-0.3760
15.9706,-1.0000,0.0103,-0.5867,0.0064,-0.3873
15.9907,-1.0000,0.0292,-0.5468,-0.0015,-0.4006
16.0107,1.0000,0.0251,-0.4013,-0.0095,-0.4014
16.0307,1.0000,-0.2187,-0.2880,-0.0174,-0.3843
16.0507,1.0000,-0.0835,-0.5946,-0.0249,-0.3674
16.0707,1.0000,-0.1260,-0.3247,-0.0321,-0.3501
16.0907,1.0000,0.0251,-0.4036,-0.0390,-0.3326
16.1107,1.0000,-0.2217,-0.3461,-0.0454,-0.3148
16.1308,1.0000,-0.0855,-0.4052,-0.0516,-0.2968
16.1508,1.0000,0.0672,-0.3106,-0.0573,-0.2787
16.1708,1.0000,-0.2946,-0.3083,-0.0627,-0.2603
16.1908,1.0000,-0.0440,-0.1267,-0.0678,-0.2418
16.2108,1.0000,0.0682,-0.2785,-0.0724,-0.2232
16.2308,1.0000,-0.1697,0.0944,-0.0767,-0.2044
16.2508,1.0000,-0.0532,-0.2393,-0.0806,-0.1856
16.2708,1.0000,-0.1768,-0.1811,-0.0841,-0.1667
16.2909,1.0000,-0.1255,-0.2008,-0.0873,-0.1477
16.3109,1.0000,0.0675,0.0234,-0.0901,-0.1287
16.3309,1.0000,0.1640,-0.0833,-0.0924,-0.1097
16.3509,1.0000,-0.0569,-0.2660,-0.0944,-0.0907
16.3709,1.0000,0.0306,-0.0248,-0.0961,-0.0717
16.3909,1.0000,-0.0369,-0.1101,-0.0973,-0.0528
16.4109,1.0000,-0.0759,0.0455,-0.0982,-0.0340
16.4310,1.0000,-0.0501,0.1617,-0.0987,-0.0152
16.4510,1.0000,0.0441,0.0717,-0.0988,0.0034
16.4710,1.0000,-0.1893,0.0502,-0.0985,0.0220
16.4910,1.0000,-0.0245,0.0701,-0.0979,0.0403
16.5110,1.0000,-0.0715,0.0852,-0.0969,0.0585
16.5310,1.0000,-0.0999,0.0059,-0.0955,0.0766
16.5510,1.0000,-0.1624,0.2247,-0.0938,0.0944
16.5710,1.0000,-0.1132,0.0337,-0.0917,0.1120
16.5911,1.0000,-0.0754,0.3190,-0.0893,0.1294
16.6111,1.0000,-0.0271,0.1664,-0.0866,0.1465
16.6311,1.0000,0.0383,0.1240,-0.0835,0.1633
16.6511,1.0000,-0.1894,0.2775,-0.0800,0.1799
16.6711,1.0000,-0.0463,0.2112,-0.0763,0.1962
16.6911,1.0000,-0.1311,0.1044,-0.0722,0.2121
16.7111,1.0000,0.1104,0.1771,-0.0678,0.2277
16.7312,1.0000,-0.0076,0.1666,-0.0631,0.2430
16.7512,1.0000,-0.1089,0.2404,-0.0580,0.2579
16.7712,1.0000,-0.1008,0.3026,-0.0527,0.2724
16.7912,1.0000,0.0324,0.4691,-0.0471,0.2865
16.8112,1.0000,0.1555,0.3481,-0.0413,0.3003
16.8312,1.0000,-0.0762,0.2966,-0.0351,0.3136
16.8512,1.0000,-0.1288,0.3273,-0.0287,0.3265
16.8712,1.0000,0.1884,0.3943,-0.0221,0.3390
16.8913,1.0000,-0.0410,0.3859,-0.0152,0.3511
16.9113,1.0000,-0.1470,0.4561,-0.0080,0.3626
16.9313,1.0000,0.1279,0.3576,-0.0006,0.3738
16.9513,1.0000,0.3771,0.4524,0.0069,0.3844
16.9713,1.0000,-0.0247,0.4586,0.0147,0.3946
16.9913,1.0000,0.1204,0.4065,0.0227,0.4013
17.0113,-1.0000,0.0701,0.3035,0.0306,0.3853
17.0314,-1.0000,0.0231,0.4240,0.0381,0.3661
17.0514,-1.0000,0.0141,0.5081,0.0453,0.3487
17.0714,-1.0000,-0.1043,0.5667,0.0521,0.3304
17.0914,-1.0000,0.0564,0.2729,0.0585,0.3120
17.1114,-1.0000,0.2039,0.3051,0.0646,0.2934
17.1314,-1.0000,-0.0625,0.3530,0.0703,0.2745
17.1514,-1.0000,0.0727,0.2439,0.0756,0.2555
17.1714,-1.0000,0.1467,0.2206,0.0805,0.2364
17.1915,-1.0000,0.1244,0.3362,0.0850,0.2171
17.2115,-1.0000,-0.0500,0.1757,0.0892,0.1977
17.2315,-1.0000,0.0016,0.1040,0.0930,0.1782
17.2515,-1.0000,0.2652,0.2677,0.0963,0.1587
17.2715,-1.0000,0.1459,0.0793,0.0993,0.1391
17.2915,-1.0000,0.0986,0.3498,0.1019,0.1195
17.3115,-1.0000,0.1877,-0.1131,0.1041,0.1000
17.3316,-1.0000,0.2723,0.0754,0.1059,0.0804
17.3516,-1.0000,-0.0314,0.0653,0.1074,0.0609
17.3716,-1.0000,0.0046,-0.0119,0.1084,0.0415
17.3916,-1.0000,0.0272,0.0727,0.1090,0.0221
17.4116,-1.0000,0.3485,0.2598,0.1093,0.0029
17.4316,-1.0000,-0.0650,0.0281,0.1091,-0.0163
17.4516,-1.0000,0.2653,-0.1172,0.1086,-0.0352
17.4716,-1.0000,0.1296,0.0467,0.1077,-0.0540
17.4917,-1.0000,0.0774,0.1434,0.1064,-0.0727
17.5117,-1.0000,0.0175,-0.3030,0.1048,-0.0911
17.5317,-1.0000,0.1062,-0.0721,0.1028,-0.1093
17.5517,-1.0000,-0.0809,0.0714,0.1004,-0.1273
17.5717,-1.0000,0.2110,-0.0789,0.0976,-0.1450
17.5917,-1.0000,0.0236,-0.2523,0.0946,-0.1624
17.6117,-1.0000,0.1179,-0.2999,0.0911,-0.1796
17.6318,-1.0000,-0.1421,-0.1011,0.0874,-0.1964
17.6518,-1.0000,0.0193,-0.1666,0.0833,-0.2130
17.6718,-1.0000,0.0404,-0.2026,0.0788,-0.2292
17.6918,-1.0000,0.0647,-0.3193,0.0741,-0.2450
17.7118,-1.0000,0.1206,-0.3076,0.0690,-0.2605
17.7318,-1.0000,-0.0815,-0.2329,0.0637,-0.2756
17.7518,-1.0000,-0.0957,-0.1959,0.0580,-0.2903
17.7718,-1.0000,0.0290,-0.3713,0.0521,-0.3046
17.7919,-1.0000,-0.0594,-0.3680,0.0458,-0.3185
17.8119,-1.0000,0.0050,-0.4027,0.0393,-0.3319
17.8319,-1.0000,0.1634,-0.4845,0.0325,-0.3449
17.8519,-1.0000,0.0726,-0.5009,0.0255,-0.3575
17.8719,-1.0000,-0.0850,-0.3549,0.0182,-0.3695
17.8919,-1.0000,-0.2025,-0.4293,0.0107,-0.3812
17.9119,-1.0000,-0.0791,-0.4181,0.0030,-0.3923
17.9320,-1.0000,-0.1075,-0.5393,-0.0050,-0.4029
17.9520,-1.0000,0.0052,-0.4984,-0.0131,-0.4131
17.9720,-1.0000,-0.0286,-0.5092,-0.0215,-0.4227
17.9920,-1.0000,-0.0977,-0.4618,-0.0301,-0.4343
18.0120,1.0000,-0.0287,-0.5171,-0.0388,-0.4338
18.0320,1.0000,0.1692,-0.5307,-0.0473,-0.4152
18.0520,1.0000,-0.2158,-0.3205,-0.0554,-0.3963
18.0720,1.0000,-0.0513,-0.2326,-0.0632,-0.3773
18.0921,1.0000,-0.2421,-0.4091,-0.0705,-0.3579
18.1121,1.0000,-0.0164,-0.2518,-0.0775,-0.3383
18.1321,1.0000,0.0157,-0.3468,-0.0841,-0.3184
18.1521,1.0000,0.0174,-0.1961,-0.0903,-0.2984
18.1721,1.0000,-0.1491,-0.2451,-0.0960,-0.2781
18.1921,1.0000,-0.1947,-0.4297,-0.1014,-0.2577
18.2121,1.0000,-0.0512,-0.3497,-0.1064,-0.2372
18.2322,1.0000,0.0237,-0.2373,-0.1109,-0.2165
18.2522,1.0000,-0.2705,-0.0869,-0.1151,-0.1957
18.2722,1.0000,-0.2532,-0.2334,-0.1188,-0.1749
18.2922,1.0000,-0.0354,-0.1633,-0.1221,-0.1540
18.3122,1.0000,-0.1287,0.2237,-0.1249,-0.1331
18.3322,1.0000,-0.1516,-0.0497,-0.1274,-0.1123
18.3522,1.0000,-0.1127,-0.1130,-0.1294,-0.0914
18.3722,1.0000,-0.1841,-0.0003,-0.1311,-0.0705
18.3923,1.0000,-0.2804,-0.0794,-0.1323,-0.0498
18.4123,1.0000,-0.0025,0.0326,-0.1331,-0.0291
18.4323,1.0000,0.0019,0.1197,-0.1334,-0.0085
18.4523,1.0000,-0.1233,-0.0058,-0.1334,0.0119
18.4723,1.0000,0.0808,-0.1331,-0.1329,0.0322
18.4923,1.0000,-0.0006,-0.0599,-0.1321,0.0523
18.5123,1.0000,-0.1201,0.0878,-0.1308,0.0723
18.5324,1.0000,-0.0235,0.0755,-0.1292,0.0920
18.5524,1.0000,0.0329,0.0403,-0.1271,0.1115
18.5724,1.0000,-0.1204,0.0666,-0.1247,0.1308
18.5924,1.0000,-0.2300,-0.0300,-0.1219,0.1498
18.6124,1.0000,-0.1394,0.1455,-0.1187,0.1685
18.6324,1.0000,-0.3864,0.2434,-0.1151,0.1869
18.6524,1.0000,-0.2288,0.3011,-0.1112,0.2049
18.6724,1.0000,-0.2223,0.3160,-0.1069,0.2227
18.6925,1.0000,-0.1220,0.2860,-0.1023,0.2400
18.7125,1.0000,-0.0182,0.2391,-0.0973,0.2571
18.7325,1.0000,-0.1512,0.2878,-0.0920,0.2737
18.7525,1.0000,-0.0196,0.3262,-0.0864,0.2899
18.7725,1.0000,-0.2287,0.3084,-0.0804,0.3057
18.7925,1.0000,-0.2291,0.2775,-0.0741,0.3211
18.8125,1.0000,-0.2407,0.4405,-0.0675,0.3360
18.8326,1.0000,-0.1560,0.3009,-0.0607,0.3505
18.8526,1.0000,-0.1752,0.2944,-0.0535,0.3645
18.8726,1.0000,0.0106,0.3570,-0.0461,0.3780
18.8926,1.0000,-0.0160,0.5839,-0.0384,0.3911
18.9126,1.0000,0.0329,0.4605,-0.0304,0.4036
18.9326,1.0000,-0.0728,0.5780,-0.0222,0.4156
18.9526,1.0000,0.1305,0.4879,-0.0138,0.4271
18.9726,1.0000,-0.0169,0.3727,-0.0051,0.4381
18.9927,1.0000,-0.1194,0.4684,0.0037,0.4417
19.0127,-1.0000,0.0270,0.4019,0.0124,0.4247
19.0327,-1.0000,-0.0084,0.5451,0.0207,0.4063
19.0527,-1.0000,0.1102,0.3320,0.0287,0.3895
19.0727,-1.0000,-0.0360,0.4734,0.0363,0.3719
19.0927,-1.0000,-0.0030,0.1850,0.0435,0.3540
19.1127,-1.0000,0.1352,0.2023,0.0504,0.3358
19.1328,-1.0000,-0.1480,0.2758,0.0570,0.3175
19.1528,-1.0000,-0.0161,0.2118,0.0632,0.2988
19.1728,-1.0000,0.1377,0.3381,0.0690,0.2800
19.1928,-1.0000,0.0384,0.2567,0.0744,0.2611
19.2128,-1.0000,0.2166,0.0847,0.0794,0.2419
19.2328,-1.0000,0.0021,0.3203,0.0841,0.2227
19.2528,-1.0000,0.2391,0.2623,0.0883,0.2033
19.2728,-1.0000,-0.1262,0.2409,0.0922,0.1838
19.2929,-1.0000,0.0934,0.3297,0.0957,0.1643
19.3129,-1.0000,0.2241,0.0784,0.0988,0.1447
19.3329,-1.0000,0.1094,0.1140,0.1015,0.1251
19.3529,-1.0000,0.2193,0.1272,0.1038,0.1056
19.3729,-1.0000,0.1083,0.0929,0.1057,0.0860
19.3929,-1.0000,0.2123,0.1604,0.1073,0.0665
19.4129,-1.0000,0.2706,0.0649,0.1084,0.0470
19.4330,-1.0000,0.2074,0.1392,0.1091,0.0276
19.4530,-1.0000,0.0273,0.1153,0.1095,0.0083
19.4730,-1.0000,0.0140,-0.0377,0.1095,-0.0109
19.4930,-1.0000,-0.0159,0.0037,0.1090,-0.0299
19.5130,-1.0000,0.1145,-0.0257,0.1082,-0.0488
19.5330,-1.0000,0.1994,-0.0905,0.1071,-0.0675
19.5530,-1.0000,-0.0083,0.0078,0.1055,-0.0860
19.5730,-1.0000,0.0875,-0.2419,0.1036,-0.1043
19.5931,-1.0000,0.0343,-0.1940,0.1013,-0.1223
19.6131,-1.0000,0.1259,-0.0726,0.0987,-0.1401
19.6331,-1.0000,0.0307,-0.3098,0.0957,-0.1577
19.6531,-1.0000,-0.0011,-0.2106,0.0924,-0.1749
19.6731,-1.0000,0.1771,-0.3430,0.0887,-0.1919
19.6931,-1.0000,0.0722,-0.1885,0.0847,-0.2085
19.7131,-1.0000,-0.2268,-0.3378,0.0804,-0.2248
19.7332,-1.0000,0.2430,-0.2490,0.0757,-0.2408
19.7532,-1.0000,0.1483,-0.2497,0.0707,-0.2564
19.7732,-1.0000,0.0586,-0.2559,0.0655,-0.2716
19.7932,-1.0000,0.0763,-0.2979,0.0599,-0.2864
19.8132,-1.0000,-0.0355,-0.4468,0.0540,-0.3008
19.8332,-1.0000,-0.1456,-0.4251,0.0478,-0.3148
19.8532,-1.0000,-0.0705,-0.0967,0.0414,-0.3284
19.8732,-1.0000,-0.0331,-0.2959,0.0347,-0.3416
19.8933,-1.0000,0.0008,-0.4284,0.0277,-0.3543
19.9133,-1.0000,-0.0318,-0.2921,0.0205,-0.3665
19.9333,-1.0000,-0.0002,-0.3634,0.0131,-0.3782
19.9533,-1.0000,-0.1067,-0.5049,0.0054,-0.3895
19.9733,-1.0000,-0.0249,-0.4078,-0.0025,-0.4003
19.9933,-1.0000,0.2695,-0.4220,-0.0107,-0.4134
20.0133,1.0000,-0.0491,-0.4881,-0.0190,-0.4143
20.0334,1.0000,-0.0642,-0.4828,-0.0271,-0.3978
20.0534,1.0000,-0.0223,-0.3882,-0.0349,-0.3797
20.0734,1.0000,-0.0636,-0.3919,-0.0423,-0.3619
20.0934,1.0000,0.0471,-0.2972,-0.0494,-0.3437
20.1134,1.0000,-0.0318,-0.2869,-0.0561,-0.3253
20.1334,1.0000,-0.2422,-0.3198,-0.0624,-0.3067
20.1534,1.0000,-0.1426,-0.2858,-0.0684,-0.2879
20.1734,1.0000,-0.3177,-0.4192,-0.0739,-0.2689
20.1935,1.0000,-0.1493,-0.1486,-0.0791,-0.2497
20.2135,1.0000,-0.0805,-0.2248,-0.0840,-0.2304
20.2335,1.0000,-0.2703,-0.0096,-0.0884,-0.2110
20.2535,1.0000,-0.0518,-0.2239,-0.0924,-0.1915
20.2735,1.0000,-0.0938,-0.4307,-0.0961,-0.1719
20.2935,1.0000,-0.0661,-0.1209,-0.0993,-0.1522
20.3135,1.0000,-0.0916,-0.1601,-0.1022,-0.1326
20.3336,1.0000,-0.0879,-0.1671,-0.1046,-0.1129
20.3536,1.0000,0.0098,-0.0236,-0.1067,-0.0932
20.3736,1.0000,-0.1447,-0.0440,-0.1084,-0.0736
20.3936,1.0000,-0.1176,-0.1289,-0.1096,-0.0540
20.4136,1.0000,-0.1289,-0.0671,-0.1105,-0.0345
20.4336,1.0000,0.0216,0.0104,-0.1110,-0.0151
20.4536,1.0000,-0.0512,0.0858,-0.1111,0.0042
20.4736,1.0000,-0.1991,-0.0466,-0.1108,0.0234
20.4937,1.0000,0.0084,-0.0432,-0.1101,0.0424
20.5137,1.0000,-0.1003,0.0288,-0.1091,0.0612
20.5337,1.0000,-0.1174,0.0606,-0.1077,0.0799
20.5537,1.0000,-0.1671,0.0173,-0.1059,0.0983
20.5737,1.0000,-0.0874,0.1079,-0.1037,0.1166
20.5937,1.0000,-0.1422,0.1599,-0.1012,0.1345
20.6137,1.0000,-0.1452,0.0868,-0.0983,0.1522
20.6338,1.0000,-0.1314,0.2226,-0.0951,0.1697
20.6538,1.0000,-0.0706,0.4018,-0.0915,0.1868
20.6738,1.0000,-0.0376,0.4011,-0.0876,0.2036
20.6938,1.0000,-0.0807,0.1820,-0.0834,0.2201
20.7138,1.0000,-0.0353,0.1687,-0.0788,0.2363
20.7338,1.0000,0.0222,0.3223,-0.0739,0.2521
20.7538,1.0000,0.0068,0.2278,-0.0687,0.2675
20.7738,1.0000,0.0753,0.3398,-0.0632,0.2825
20.7939,1.0000,-0.0931,0.3890,-0.0574,0.2972
20.8139,1.0000,0.0267,0.2400,-0.0513,0.3114
20.8339,1.0000,-0.2153,0.3191,-0.0450,0.3252
20.8539,1.0000,-0.1644,0.4648,-0.0383,0.3385
20.8739,1.0000,-0.0761,0.4617,-0.0314,0.3514
20.8939,1.0000,0.0426,0.4943,-0.0243,0.3639
20.9139,1.0000,-0.0554,0.4265,-0.0169,0.3758
20.9340,1.0000,-0.0585,0.3280,-0.0092,0.3873
20.9540,1.0000,-0.0237,0.2152,-0.0014,0.3983
20.9740,1.0000,-0.0739,0.3786,0.0067,0.4089
20.9940,1.0000,-0.0333,0.3632,0.0150,0.4220
21.0140,-1.0000,0.0723,0.4766,0.0235,0.4239
21.0340,-1.0000,0.0025,0.4820,0.0319,0.4091
21.0540,-1.0000,0.0757,0.4080,0.0399,0.3899
21.0740,-1.0000,-0.1511,0.4786,0.0475,0.3717
21.0941,-1.0000,0.0055,0.2967,0.0547,0.3532
21.1141,-1.0000,0.1451,0.4548,0.0616,0.3344
21.1341,-1.0000,0.1498,0.1759,0.0681,0.3155
21.1541,-1.0000,-0.0442,0.0951,0.0743,0.2963
21.1741,-1.0000,-0.0903,0.1653,0.0800,0.2769
21.1941,-1.0000,0.0532,0.2927,0.0854,0.2574
21.2141,-1.0000,0.2158,0.1549,0.0903,0.2377
21.2342,-1.0000,0.0593,0.1600,0.0949,0.2178
21.2542,-1.0000,0.1401,0.1820,0.0991,0.1979
21.2742,-1.0000,0.0524,0.3569,0.1028,0.1779
21.2942,-1.0000,-0.0780,0.1379,0.1062,0.1579
21.3142,-1.0000,0.2510,-0.1762,0.1092,0.1378
21.3342,-1.0000,0.1715,0.0655,0.1117,0.1177
21.3542,-1.0000,0.1815,0.2183,0.1139,0.0976
21.3742,-1.0000,0.1935,0.0796,0.1156,0.0776
21.3943,-1.0000,0.0113,-0.0798,0.1170,0.0576
21.4143,-1.0000,0.2262,0.1914,0.1179,0.0377
21.4343,-1.0000,0.0722,0.2084,0.1185,0.0178
21.4543,-1.0000,0.1181,0.1101,0.1186,-0.0019
21.4743,-1.0000,0.1545,-0.0244,0.1184,-0.0215
21.4943,-1.0000,0.1105,-0.0542,0.1178,-0.0409
21.5143,-1.0000,0.0361,-0.0268,0.1167,-0.0601
21.5344,-1.0000,0.0385,0.0105,0.1153,-0.0792
21.5544,-1.0000,0.1818,-0.0995,0.1135,-0.0981
21.5744,-1.0000,0.2160,-0.1737,0.1114,-0.1167
21.5944,-1.0000,0.2028,-0.2481,0.1089,-0.1351
21.6144,-1.0000,-0.0615,-0.0298,0.1060,-0.1532
21.6344,-1.0000,0.1557,-0.1804,0.1027,-0.1710
21.6544,-1.0000,-0.0321,-0.2163,0.0991,-0.1886
21.6744,-1.0000,0.0970,-0.2070,0.0952,-0.2058
21.6945,-1.0000,0.1716,-0.2678,0.0909,-0.2227
21.7145,-1.0000,-0.0461,-0.1098,0.0863,-0.2392
21.7345,-1.0000,-0.0560,-0.3178,0.0813,-0.2554
21.7545,-1.0000,0.0544,-0.2857,0.0760,-0.2711
21.7745,-1.0000,0.2465,-0.4187,0.0705,-0.2865
21.7945,-1.0000,0.1447,-0.3147,0.0646,-0.3015
21.8145,-1.0000,-0.1672,-0.4158,0.0584,-0.3161
21.8346,-1.0000,0.1706,-0.4085,0.0519,-0.3302
21.8546,-1.0000,-0.0910,-0.3600,0.0452,-0.3439
21.8746,-1.0000,0.0490,-0.3289,0.0382,-0.3571
21.8946,-1.0000,0.0778,-0.2937,0.0309,-0.3699
21.9146,-1.0000,0.0940,-0.4270,0.0234,-0.3822
21.9346,-1.0000,0.1691,-0.3791,0.0156,-0.3940
21.9546,-1.0000,0.0689,-0.4595,0.0076,-0.4053
21.9746,-1.0000,0.0009,-0.3729,-0.0006,-0.4160
21.9947,-1.0000,-0.2316,-0.6668,-0.0091,-0.4286
22.0147,1.0000,0.0654,-0.4139,-0.0177,-0.4309
22.0347,1.0000,-0.1320,-0.3700,-0.0262,-0.4140
22.0547,1.0000,-0.1053,-0.3360,-0.0343,-0.3962
22.0747,1.0000,0.1917,-0.4671,-0.0420,-0.3782
22.0947,1.0000,-0.0941,-0.2533,-0.0494,-0.3600
22.1147,1.0000,-0.0260,-0.2921,-0.0564,-0.3415
22.1348,1.0000,-0.1844,-0.1578,-0.0631,-0.3227
22.1548,1.0000,0.0101,-0.2218,-0.0694,-0.3037
22.1748,1.0000,-0.0161,-0.4557,-0.0753,-0.2846
22.1948,1.0000,-0.1612,-0.3487,-0.0808,-0.2652
22.2148,1.0000,-0.1333,-0.2451,-0.0859,-0.2457
22.2348,1.0000,-0.0810,-0.2354,-0.0906,-0.2261
22.2548,1.0000,-0.3144,-0.1833,-0.0949,-0.2063
22.2748,1.0000,-0.1244,-0.2292,-0.0989,-0.1865
22.2949,1.0000,-0.2253,-0.1041,-0.1024,-0.1666
22.3149,1.0000,-0.1036,-0.1126,-0.1056,-0.1467
22.3349,1.0000,-0.3134,-0.1163,-0.1083,-0.1267
22.3549,1.0000,-0.1469,-0.1207,-0.1106,-0.1068
22.3749,1.0000,-0.1295,0.0087,-0.1126,-0.0868
22.3949,1.0000,-0.2157,0.0511,-0.1141,-0.0669
22.4149,1.0000,-0.0145,0.0915,-0.1152,-0.0471
22.4350,1.0000,-0.2407,0.1107,-0.1160,-0.0273
22.4550,1.0000,-0.2957,-0.0210,-0.1163,-0.0077
22.4750,1.0000,-0.1984,-0.1260,-0.1163,0.0119
22.4950,1.0000,-0.2700,0.1385,-0.1158,0.0313
22.5150,1.0000,0.0486,0.1691,-0.1150,0.0505
22.5350,1.0000,-0.1101,-0.0094,-0.1138,0.0695
22.5550,1.0000,-0.2016,0.1616,-0.1122,0.0884
22.5751,1.0000,0.0326,0.1434,-0.1102,0.1070
22.5951,1.0000,0.0625,0.1316,-0.1079,0.1254
22.6151,1.0000,0.0048,0.1039,-0.1052,0.1435
22.6351,1.0000,-0.0813,0.2513,-0.1022,0.1614
22.6551,1.0000,-0.2199,0.1863,-0.0988,0.1790
22.6751,1.0000,-0.3340,0.2174,-0.0950,0.1962
22.6951,1.0000,-0.0547,0.3217,-0.0909,0.2132
22.7151,1.0000,0.1093,0.3017,-0.0865,0.2298
22.7352,1.0000,-0.0607,0.3148,-0.0817,0.2460
22.7552,1.0000,-0.2370,0.2365,-0.0766,0.2619
22.7752,1.0000,-0.0609,0.3113,-0.0712,0.2774
22.7952,1.0000,-0.0931,0.4809,-0.0655,0.2925
22.8152,1.0000,-0.0169,0.1631,-0.0595,0.3072
22.8352,1.0000,-0.0521,0.5610,-0.0532,0.3214
22.8552,1.0000,-0.1800,0.3551,-0.0467,0.3352
22.8753,1.0000,0.1266,0.3268,-0.0398,0.3486
22.8953,1.0000,-0.0088,0.2352,-0.0327,0.3615
22.9153,1.0000,0.0374,0.3782,-0.0254,0.3739
22.9353,1.0000,0.2160,0.3008,-0.0178,0.3859
22.9553,1.0000,0.0124,0.6221,-0.0099,0.3974
22.9753,1.0000,0.2479,0.3631,-0.0018,0.4101
22.9953,1.0000,0.2886,0.2987,0.0065,0.4212
23.0153,-1.0000,-0.0372,0.2541,0.0149,0.4174
23.0354,-1.0000,-0.0402,0.2186,0.0231,0.4000
23.0554,-1.0000,0.0502,0.2355,0.0309,0.3820
23.0754,-1.0000,0.1604,0.5404,0.0384,0.3643
23.0954,-1.0000,-0.0556,0.3226,0.0455,0.3464
23.1154,-1.0000,-0.1261,0.3900,0.0523,0.3282
23.1354,-1.0000,0.0518,0.2215,0.0586,0.3097
23.1554,-1.0000,-0.1236,0.2319,0.0647,0.2911
23.1755,-1.0000,0.2834,0.2150,0.0703,0.2723
23.1955,-1.0000,0.0750,0.0738,0.0756,0.2533
23.2155,-1.0000,-0.0439,0.2996,0.0804,0.2341
23.2355,-1.0000,-0.0074,0.1653,0.0849,0.2149
23.2555,-1.0000,0.1586,0.5565,0.0891,0.1955
23.2755,-1.0000,0.0398,0.3273,0.0928,0.1761
23.2955,-1.0000,-0.0200,0.0443,0.0961,0.1566
23.3155,-1.0000,0.0937,0.2443,0.0991,0.1370
23.3356,-1.0000,0.1059,0.1827,0.1016,0.1175
23.3556,-1.0000,0.1729,0.2056,0.1038,0.0979
23.3756,-1.0000,-0.0262,0.1026,0.1055,0.0784
23.3956,-1.0000,0.2686,-0.1395,0.1069,0.0590
23.4156,-1.0000,0.2533,-0.1152,0.1079,0.0396
23.4356,-1.0000,0.0472,0.0036,0.1085,0.0203
23.4556,-1.0000,0.0299,0.0502,0.1087,0.0010
23.4757,-1.0000,0.2924,0.0527,0.1085,-0.0180
23.4957,-1.0000,0.0751,0.0374,0.1080,-0.0370
23.5157,-1.0000,0.1918,0.0697,0.1070,-0.0557
23.5357,-1.0000,0.0587,-0.1333,0.1057,-0.0743
23.5557,-1.0000,0.1760,-0.0179,0.1040,-0.0927
23.5757,-1.0000,0.1804,-0.3780,0.1020,-0.1109
23.5957,-1.0000,0.0222,-0.2065,0.0996,-0.1288
23.6157,-1.0000,0.2384,-0.1392,0.0968,-0.1464
23.6358,-1.0000,-0.0412,-0.2112,0.0937,-0.1638
23.6558,-1.0000,0.0213,-0.1897,0.0903,-0.1809
23.6758,-1.0000,0.0148,-0.1671,0.0865,-0.1977
23.6958,-1.0000,-0.1083,-0.2133,0.0824,-0.2142
23.7158,-1.0000,0.0667,-0.0886,0.0779,-0.2304
23.7358,-1.0000,-0.0260,-0.2449,0.0731,-0.2461
23.7558,-1.0000,0.0209,-0.1553,0.0681,-0.2616
23.7759,-1.0000,0.0227,-0.3152,0.0627,-0.2766
23.7959,-1.0000,-0.1268,-0.2748,0.0570,-0.2912
23.8159,-1.0000,0.1461,-0.2862,0.0510,-0.3055
23.8359,-1.0000,-0.0459,-0.4966,0.0448,-0.3193
23.8559,-1.0000,0.0812,-0.3154,0.0382,-0.3327
23.8759,-1.0000,0.0518,-0.2493,0.0314,-0.3456
23.8959,-1.0000,-0.0304,-0.2889,0.0244,-0.3581
23.9159,-1.0000,-0.0418,-0.3973,0.0171,-0.3701
23.9360,-1.0000,-0.0259,-0.2835,0.0096,-0.3817
23.9560,-1.0000,-0.1028,-0.4031,0.0018,-0.3927
23.9760,-1.0000,-0.0727,-0.4493,-0.0061,-0.4040
23.9960,-1.0000,-0.0740,-0.5314,-0.0143,-0.4155
24.0160,1.0000,-0.1396,-0.3889,-0.0226,-0.4101
24.0360,1.0000,0.0492,-0.3340,-0.0307,-0.3914
24.0560,1.0000,-0.1113,-0.3339,-0.0383,-0.3736
24.0761,1.0000,-0.0791,-0.4397,-0.0456,-0.3556
24.0961,1.0000,0.0438,-0.2385,-0.0526,-0.3373
24.1161,1.0000,-0.0986,-0.3631,-0.0591,-0.3188
24.1361,1.0000,0.0656,-0.2270,-0.0653,-0.3001
24.1561,1.0000,-0.1187,-0.2792,-0.0711,-0.2812
24.1761,1.0000,0.0219,-0.2885,-0.0766,-0.2621
24.1961,1.0000,-0.1063,-0.3421,-0.0816,-0.2428
24.2161,1.0000,-0.1064,-0.2275,-0.0863,-0.2234
24.2362,1.0000,-0.0924,-0.1398,-0.0906,-0.2039
24.2562,1.0000,-0.1590,-0.2172,-0.0945,-0.1843
24.2762,1.0000,-0.1070,-0.3223,-0.0980,-0.1647
24.2962,1.0000,-0.0590,-0.2672,-0.1011,-0.1450
24.3162,1.0000,-0.0386,-0.0578,-0.1038,-0.1253
24.3362,1.0000,0.1380,0.1040,-0.1061,-0.1056
24.3562,1.0000,0.0031,-0.0113,-0.1080,-0.0859
24.3763,1.0000,0.0256,-0.0120,-0.1096,-0.0662
24.3963,1.0000,-0.2892,-0.1792,-0.1107,-0.0466
24.4163,1.0000,-0.1560,-0.0901,-0.1114,-0.0271
24.4363,1.0000,-0.1394,0.0361,-0.1118,-0.0077
24.4563,1.0000,0.0244,-0.1817,-0.1117,0.0116
24.4763,1.0000,-0.2413,0.1399,-0.1113,0.0307
24.4963,1.0000,-0.1652,-0.0580,-0.1105,0.0497
24.5163,1.0000,-0.0653,0.0836,-0.1093,0.0685
24.5364,1.0000,-0.1064,0.0075,-0.1077,0.0871
24.5564,1.0000,-0.2123,0.1113,-0.1058,0.1055
24.5764,1.0000,-0.1944,0.2296,-0.1035,0.1237
24.5964,1.0000,0.1066,0.1147,-0.1008,0.1416
24.6164,1.0000,-0.0908,0.2222,-0.0978,0.1592
24.6364,1.0000,0.0037,0.1576,-0.0944,0.1766
24.6564,1.0000,-0.0109,0.1186,-0.0907,0.1936
24.6765,1.0000,-0.0613,0.2818,-0.0867,0.2104
24.6965,1.0000,-0.1364,0.2076,-0.0823,0.2268
24.7165,1.0000,-0.1459,0.3554,-0.0776,0.2428
24.7365,1.0000,-0.0669,0.1929,-0.0726,0.2585
24.7565,1.0000,-0.2638,0.2268,-0.0673,0.2738
24.7765,1.0000,-0.2172,0.4045,-0.0616,0.2887
24.7965,1.0000,-0.1020,0.3239,-0.0557,0.3032
24.8165,1.0000,0.0115,0.4298,-0.0495,0.3173
24.8366,1.0000,-0.2540,0.3799,-0.0430,0.3309
24.8566,1.0000,-0.1082,0.3622,-0.0363,0.3441
24.8766,1.0000,0.0880,0.4033,-0.0292,0.3569
24.8966,1.0000,0.0148,0.2699,-0.0220,0.3692
24.9166,1.0000,-0.0786,0.3101,-0.0145,0.3810
24.9366,1.0000,0.0616,0.3953,-0.0067,0.3923
24.9566,1.0000,0.0096,0.3283,0.0012,0.4032
24.9767,1.0000,0.0906,0.5239,0.0094,0.4140
24.9967,1.0000,0.0524,0.4071,0.0178,0.4264
25.0167,-1.0000,0.0720,0.3850,0.0264,0.4258
25.0367,-1.0000,-0.0014,0.5181,0.0347,0.4094
25.0567,-1.0000,0.0393,0.3385,0.0428,0.3903
25.0767,-1.0000,-0.0338,0.4178,0.0504,0.3720
25.0967,-1.0000,0.0230,0.0451,0.0576,0.3533
25.1167,-1.0000,0.0355,0.4123,0.0645,0.3344
25.1368,-1.0000,0.2038,0.3623,0.0710,0.3153
25.1568,-1.0000,0.0615,0.3365,0.0772,0.2959
25.1768,-1.0000,0.1362,0.2184,0.0829,0.2764
25.1968,-1.0000,0.2291,0.2951,0.0882,0.2567
25.2168,-1.0000,0.2011,0.2754,0.0932,0.2369
25.2368,-1.0000,0.1695,0.0916,0.0977,0.2169
25.2568,-1.0000,0.0602,0.0093,0.1019,0.1968
25.2769,-1.0000,0.2265,0.3342,0.1056,0.1767
25.2969,-1.0000,0.1890,0.1479,0.1090,0.1565
25.3169,-1.0000,0.1679,0.1964,0.1119,0.1363
25.3369,-1.0000,0.0224,0.0248,0.1144,0.1161
25.3569,-1.0000,0.0735,0.0675,0.1166,0.0959
25.3769,-1.0000,0.3372,0.1388,0.1183,0.0757
25.3969,-1.0000,0.0157,0.0007,0.1196,0.0556
25.4169,-1.0000,-0.0095,-0.0449,0.1205,0.0355
25.4370,-1.0000,-0.0238,0.0454,0.1210,0.0156
25.4570,-1.0000,-0.0350,-0.0778,0.1211,-0.0043
25.4770,-1.0000,0.3176,-0.0616,0.1208,-0.0240
25.4970,-1.0000,0.0956,-0.0836,0.1201,-0.0435
25.5170,-1.0000,0.2945,-0.1652,0.1191,-0.0629
25.5370,-1.0000,0.0987,-0.1393,0.1176,-0.0820
25.5570,-1.0000,0.0571,-0.1950,0.1157,-0.1010
25.5771,-1.0000,0.0632,-0.0455,0.1135,-0.1197
25.5971,-1.0000,0.1040,-0.1452,0.1109,-0.1382
25.6171,-1.0000,0.1046,-0.2488,0.1080,-0.1564
25.6371,-1.0000,0.0169,-0.1962,0.1047,-0.1743
25.6571,-1.0000,0.1772,-0.0451,0.1010,-0.1919
25.6771,-1.0000,-0.1521,-0.1632,0.0970,-0.2092
25.6971,-1.0000,0.0727,-0.2672,0.0926,-0.2262
25.7171,-1.0000,-0.0077,-0.2273,0.0879,-0.2428
25.7372,-1.0000,0.0009,-0.2787,0.0829,-0.2590
25.7572,-1.0000,0.0851,-0.1216,0.0776,-0.2748
25.7772,-1.0000,0.0520,-0.3073,0.0719,-0.2903
25.7972,-1.0000,0.2315,-0.4660,0.0660,-0.3053
25.8172,-1.0000,0.0499,-0.3257,0.0597,-0.3199
25.8372,-1.0000,0.0417,-0.1616,0.0532,-0.3341
25.8572,-1.0000,0.2561,-0.3581,0.0463,-0.3478
25.8773,-1.0000,-0.0894,-0.5913,0.0392,-0.3611
25.8973,-1.0000,0.1500,-0.3389,0.0319,-0.3739
25.9173,-1.0000,0.0417,-0.3722,0.0243,-0.3862
25.9373,-1.0000,-0.1319,-0.3974,0.0164,-0.3980
25.9573,-1.0000,-0.0515,-0.4930,0.0083,-0.4093
25.9773,-1.0000,0.0454,-0.3567,0.0000,-0.4201
25.9973,-1.0000,0.0546,-0.5045,-0.0084,-0.4207
26.0173,1.0000,-0.0978,-0.2581,-0.0167,-0.4020
26.0374,1.0000,0.0407,-0.3593,-0.0245,-0.3850
26.0574,1.0000,-0.0156,-0.3254,-0.0321,-0.3677
26.0774,1.0000,-0.1022,-0.2678,-0.0392,-0.3501
26.0974,1.0000,0.0013,-0.2877,-0.0461,-0.3322
26.1174,1.0000,0.0034,-0.2944,-0.0525,-0.3140
26.1374,1.0000,-0.0184,-0.1849,-0.0586,-0.2957
26.1574,1.0000,0.0448,-0.4706,-0.0644,-0.2771
26.1775,1.0000,-0.0946,-0.1364,-0.0697,-0.2584
26.1975,1.0000,0.0400,-0.1827,-0.0747,-0.2396
26.2175,1.0000,-0.0032,-0.2475,-0.0793,-0.2206
26.2375,1.0000,-0.0415,-0.0843,-0.0836,-0.2014
26.2575,1.0000,0.0539,-0.4295,-0.0874,-0.1823
26.2775,1.0000,-0.1858,-0.2665,-0.0909,-0.1630
26.2975,1.0000,0.0610,-0.2094,-0.0940,-0.1437
26.3175,1.0000,-0.2428,-0.2552,-0.0966,-0.1244
26.3376,1.0000,-0.1157,-0.1781,-0.0989,-0.1051
26.3576,1.0000,0.0375,-0.0834,-0.1009,-0.0857
26.3776,1.0000,-0.2815,-0.1430,-0.1024,-0.0665
26.3976,1.0000,0.0491,0.1417,-0.1035,-0.0473
26.4176,1.0000,0.0222,-0.0380,-0.1043,-0.0281
26.4376,1.0000,-0.0435,0.0774,-0.1046,-0.0091
26.4576,1.0000,-0.0150,-0.0158,-0.1046,0.0098
26.4777,1.0000,-0.2455,0.0203,-0.1042,0.0286
26.4977,1.0000,-0.1754,0.0611,-0.1035,0.0472
26.5177,1.0000,0.0291,-0.0355,-0.1023,0.0657
26.5377,1.0000,-0.2478,0.2370,-0.1008,0.0840
26.5577,1.0000,-0.0064,0.1646,-0.0989,0.1020
26.5777,1.0000,-0.1394,0.1870,-0.0967,0.1198
26.5977,1.0000,-0.1307,0.2210,-0.0941,0.1374
26.6177,1.0000,-0.2264,0.2597,-0.0912,0.1547
26.6378,1.0000,-0.1165,0.0803,-0.0879,0.1718
26.6578,1.0000,0.0090,0.3101,-0.0843,0.1885
26.6778,1.0000,-0.0620,-0.0456,-0.0804,0.2049
26.6978,1.0000,-0.1562,0.2177,-0.0761,0.2210
26.7178,1.0000,-0.0588,0.1989,-0.0715,0.2368
26.7378,1.0000,-0.0382,0.1243,-0.0667,0.2522
26.7578,1.0000,-0.0540,0.4120,-0.0615,0.2672
26.7779,1.0000,-0.0004,0.3893,-0.0560,0.2819
26.7979,1.0000,0.0376,0.1166,-0.0502,0.2961
26.8179,1.0000,0.0155,0.4534,-0.0441,0.3099
26.8379,1.0000,-0.2585,0.1814,-0.0378,0.3234
26.8579,1.0000,0.0720,0.3861,-0.0312,0.3363
26.8779,1.0000,-0.0174,0.3055,-0.0243,0.3489
26.8979,1.0000,0.0233,0.3730,-0.0172,0.3610
26.9179,1.0000,-0.0238,0.3228,-0.0099,0.3726
26.9380,1.0000,-0.0038,0.4043,-0.0023,0.3837
26.9580,1.0000,0.0182,0.4341,0.0055,0.3944
26.9780,1.0000,-0.0052,0.0657,0.0135,0.4069
26.9980,1.0000,-0.0311,0.3079,0.0217,0.4147
27.0180,-1.0000,-0.0382,0.4560,0.0299,0.4056
27.0380,-1.0000,0.0597,0.2295,0.0379,0.3861
27.0580,-1.0000,0.1996,0.3014,0.0455,0.3681
27.0781,-1.0000,0.1349,0.3709,0.0526,0.3497
27.0981,-1.0000,-0.0119,0.3768,0.0594,0.3311
27.1181,-1.0000,0.1374,0.4117,0.0659,0.3123
27.1381,-1.0000,-0.1096,0.2587,0.0719,0.2932
27.1581,-1.0000,0.0708,0.3174,0.0776,0.2740
27.1781,-1.0000,-0.0079,0.2932,0.0829,0.2546
27.1981,-1.0000,0.0596,0.1405,0.0878,0.2350
27.2181,-1.0000,0.2708,0.1985,0.0923,0.2154
27.2382,-1.0000,0.0380,0.3392,0.0965,0.1956
27.2582,-1.0000,0.0386,0.1034,0.1002,0.1758
27.2782,-1.0000,0.0042,0.1238,0.1035,0.1559
27.2982,-1.0000,0.0123,0.2581,0.1065,0.1360
27.3182,-1.0000,0.1353,-0.1036,0.1090,0.1160
27.3382,-1.0000,0.4065,0.1114,0.1111,0.0961
27.3582,-1.0000,0.1464,0.1557,0.1128,0.0762
27.3783,-1.0000,0.3326,-0.1338,0.1142,0.0564
27.3983,-1.0000,0.0479,0.2110,0.1151,0.0366
27.4183,-1.0000,0.1463,0.2246,0.1156,0.0169
27.4383,-1.0000,0.2976,-0.0133,0.1158,-0.0026
27.4583,-1.0000,0.1202,0.1191,0.1155,-0.0220
27.4783,-1.0000,0.0736,-0.1785,0.1149,-0.0413
27.4983,-1.0000,0.1332,-0.0713,0.1138,-0.0604
27.5183,-1.0000,0.2007,0.0958,0.1124,-0.0793
27.5384,-1.0000,0.2011,-0.1418,0.1106,-0.0980
27.5584,-1.0000,0.1664,-0.1376,0.1085,-0.1165
27.5784,-1.0000,0.0465,-0.2934,0.1059,-0.1347
27.5984,-1.0000,0.1567,-0.1850,0.1031,-0.1527
27.6184,-1.0000,0.1422,-0.1308,0.0998,-0.1704
27.6384,-1.0000,0.0029,-0.1312,0.0962,-0.1878
27.6584,-1.0000,0.2920,-0.4319,0.0923,-0.2048
27.6785,-1.0000,0.1253,-0.2355,0.0880,-0.2216
27.6985,-1.0000,0.1414,-0.1690,0.0834,-0.2379
27.7185,-1.0000,-0.0169,-0.3622,0.0785,-0.2540
27.7385,-1.0000,0.1696,-0.3075,0.0733,-0.2696
27.7585,-1.0000,0.1486,-0.3407,0.0677,-0.2849
27.7785,-1.0000,0.0401,-0.2907,0.0619,-0.2997
27.7985,-1.0000,-0.0418,-0.4065,0.0557,-0.3142
27.8185,-1.0000,-0.0435,-0.2471,0.0493,-0.3282
27.8386,-1.0000,0.0993,-0.1970,0.0426,-0.3417
27.8586,-1.0000,-0.1909,-0.3191,0.0356,-0.3548
27.8786,-1.0000,0.0541,-0.4766,0.0284,-0.3675
27.8986,-1.0000,-0.1436,-0.4634,0.0209,-0.3796
27.9186,-1.0000,0.1009,-0.4940,0.0132,-0.3913
27.9386,-1.0000,0.0061,-0.3720,0.0053,-0.4025
27.9586,-1.0000,-0.0891,-0.3063,-0.0029,-0.4132
27.9787,-1.0000,0.0014,-0.3568,-0.0113,-0.4237
27.9987,-1.0000,-0.0198,-0.3022,-0.0199,-0.4350
28.0187,1.0000,-0.0037,-0.4054,-0.0285,-0.4287
28.0387,1.0000,0.0015,-0.3281,-0.0369,-0.4095
28.0587,1.0000,-0.0633,-0.1755,-0.0450,-0.3913
28.0787,1.0000,-0.1258,-0.2786,-0.0526,-0.3728
28.0987,1.0000,-0.0199,-0.3730,-0.0599,-0.3540
28.1187,1.0000,-0.0993,-0.3584,-0.0668,-0.3350
28.1388,1.0000,-0.0338,-0.4116,-0.0733,-0.3157
28.1588,1.0000,-0.0236,-0.3698,-0.0794,-0.2962
28.1788,1.0000,-0.2038,-0.2951,-0.0852,-0.2766
28.1988,1.0000,-0.1246,-0.3227,-0.0905,-0.2568
28.2188,1.0000,-0.0909,-0.2465,-0.0954,-0.2368
28.2388,1.0000,-0.1267,-0.2598,-0.1000,-0.2167
28.2588,1.0000,0.0596,-0.0104,-0.1041,-0.1966
28.2789,1.0000,-0.1660,-0.1826,-0.1079,-0.1763
28.2989,1.0000,-0.3024,-0.1351,-0.1112,-0.1560
28.3189,1.0000,-0.1069,-0.0637,-0.1141,-0.1357
28.3389,1.0000,-0.0739,-0.0359,-0.1166,-0.1153
28.3589,1.0000,-0.1213,-0.1027,-0.1187,-0.0950
28.3789,1.0000,-0.0996,0.0898,-0.1204,-0.0747
28.3989,1.0000,-0.0396,0.0781,-0.1217,-0.0545
28.4189,1.0000,-0.0949,-0.0409,-0.1226,-0.0343
28.4390,1.0000,0.0004,0.0983,-0.1231,-0.0143
28.4590,1.0000,-0.1548,-0.1986,-0.1232,0.0057
28.4790,1.0000,-0.2548,0.0531,-0.1229,0.0255
28.4990,1.0000,-0.0602,-0.0986,-0.1221,0.0451
28.5190,1.0000,-0.0455,0.1585,-0.1210,0.0646
28.5390,1.0000,-0.1484,0.2141,-0.1195,0.0838
28.5590,1.0000,-0.1358,0.3181,-0.1177,0.1029
28.5791,1.0000,0.0604,0.2281,-0.1154,0.1217
28.5991,1.0000,-0.1689,0.1340,-0.1128,0.1402
28.6191,1.0000,-0.0359,0.0481,-0.1098,0.1585
28.6391,1.0000,-0.0983,0.2102,-0.1064,0.1765
28.6591,1.0000,-0.0121,0.1921,-0.1027,0.1942
28.6791,1.0000,0.0232,0.2481,-0.0987,0.2116
28.6991,1.0000,-0.1747,0.3038,-0.0943,0.2286
28.7191,1.0000,-0.0914,0.1395,-0.0895,0.2453
28.7392,1.0000,-0.2420,0.3845,-0.0844,0.2616
28.7592,1.0000,-0.1034,0.2850,-0.0790,0.2775
28.7792,1.0000,-0.1983,0.3005,-0.0733,0.2930
28.7992,1.0000,-0.0486,0.2981,-0.0673,0.3081
28.8192,1.0000,0.1405,0.2551,-0.0610,0.3227
28.8392,1.0000,-0.0061,0.2801,-0.0544,0.3370
28.8592,1.0000,0.0934,0.3255,-0.0475,0.3507
28.8793,1.0000,0.0718,0.4313,-0.0404,0.3640
28.8993,1.0000,-0.0105,0.5106,-0.0330,0.3769
28.9193,1.0000,-0.0438,0.2699,-0.0253,0.3892
28.9393,1.0000,-0.0842,0.4716,-0.0174,0.4010
28.9593,1.0000,-0.0063,0.4032,-0.0092,0.4124
28.9793,1.0000,0.0174,0.3582,-0.0009,0.4247
28.9993,1.0000,-0.1636,0.5149,0.0077,0.4343
29.0193,-1.0000,0.1421,0.4008,0.0164,0.4256
29.0394,-1.0000,0.1738,0.3675,0.0247,0.4069
29.0594,-1.0000,-0.1319,0.3812,0.0327,0.3894
29.0794,-1.0000,-0.1393,0.2732,0.0403,0.3715
29.0994,-1.0000,0.1736,0.2684,0.0476,0.3534
29.1194,-1.0000,0.1419,0.3200,0.0544,0.3351
29.1394,-1.0000,0.2323,0.3294,0.0610,0.3165
29.1594,-1.0000,-0.2611,0.4892,0.0671,0.2976
29.1795,-1.0000,-0.1125,0.2576,0.0729,0.2786
29.1995,-1.0000,0.2141,0.3147,0.0783,0.2594
29.2195,-1.0000,0.1722,0.1598,0.0833,0.2401
29.2395,-1.0000,0.1669,0.1520,0.0879,0.2207
29.2595,-1.0000,0.0278,0.2354,0.0921,0.2011
29.2795,-1.0000,0.0625,0.1642,0.0960,0.1815
29.2995,-1.0000,0.1084,0.1554,0.0994,0.1618
29.3195,-1.0000,0.0935,0.1407,0.1024,0.1420
29.3396,-1.0000,0.3219,0.2828,0.1051,0.1223
29.3596,-1.0000,0.0806,0.0333,0.1073,0.1025
29.3796,-1.0000,0.0849,0.0658,0.1092,0.0828
29.3996,-1.0000,-0.1022,0.0245,0.1107,0.0631
29.4196,-1.0000,0.2525,-0.0901,0.1117,0.0434
29.4396,-1.0000,0.0996,0.1124,0.1124,0.0239
29.4596,-1.0000,0.1596,-0.3079,0.1127,0.0045
29.4797,-1.0000,0.0839,0.1914,0.1125,-0.0149
29.4997,-1.0000,0.0561,-0.1182,0.1120,-0.0340
29.5197,-1.0000,-0.0297,-0.0138,0.1112,-0.0530
29.5397,-1.0000,0.1342,-0.0511,0.1099,-0.0719
29.5597,-1.0000,0.2019,-0.0170,0.1083,-0.0905
29.5797,-1.0000,0.1242,-0.1876,0.1063,-0.1089
29.5997,-1.0000,0.0822,0.0605,0.1039,-0.1271
29.6197,-1.0000,0.1679,-0.3325,0.1012,-0.1450
29.6398,-1.0000,0.1391,-0.2431,0.0981,-0.1626
29.6598,-1.0000,0.2380,-0.2858,0.0947,-0.1800
29.6798,-1.0000,0.0145,-0.2182,0.0909,-0.1970
29.6998,-1.0000,0.0936,-0.1017,0.0868,-0.2137
29.7198,-1.0000,0.0145,-0.2557,0.0824,-0.2301
29.7398,-1.0000,-0.0184,-0.1666,0.0776,-0.2461
29.7598,-1.0000,0.2197,-0.4030,0.0725,-0.2618
29.7799,-1.0000,0.1236,-0.1482,0.0671,-0.2771
29.7999,-1.0000,-0.0443,-0.3526,0.0614,-0.2919
29.8199,-1.0000,0.0363,-0.2729,0.0554,-0.3064
29.8399,-1.0000,0.2239,-0.1227,0.0492,-0.3204
29.8599,-1.0000,0.0315,-0.4123,0.0426,-0.3340
29.8799,-1.0000,0.0466,-0.1556,0.0358,-0.3472
29.8999,-1.0000,0.0969,-0.2760,0.0287,-0.3599
29.9199,-1.0000,0.1448,-0.4081,0.0214,-0.3721
29.9400,-1.0000,0.0280,-0.3166,0.0138,-0.3839
29.9600,-1.0000,-0.1285,-0.2464,0.0060,-0.3952
29.9800,-1.0000,-0.1122,-0.4030,-0.0020,-0.4059
30.0000,-1.0000,0.0117,-0.4541,-0.0102,-0.4162
